  13235.8066 -0.00603426248  0.
  13243.9121 -0.00915500987  0.
  13253.7227 -0.00282728183  0.
  13263.7793  0.00461125094  0.
  13273.6289  0.0142746707  0.
  13283.5869  0.0103276325  0.
  13293.8662  0.00177769549  0.
  13303.7344 -0.0035694968  0.
  13313.6084 -0.00763537548  0.
  13323.8057 -0.00586491264  0.
  13333.8691 -0.000961834448  0.
  13343.8086  0.00627593976  0.
  13353.9219  0.00853655022  0.
  13364.0322  0.00481928233  0.
  13374.1582  0.00104866736  0.
  13384.0186 -0.00386460056  0.
  13394.167 -0.00672129309  0.
  13404.124 -0.00463978248  0.
  13414.001 -0.00175839488  0.
  13424.2158  0.00301493355  0.
  13434.3037  0.00903369207  0.
  13444.1797  0.0126907406  0.
  13444.4736  0.0128316786  0.
  13444.6826  0.0128044663  0.
  13445.0332  0.0130351549  0.
  13445.375  0.0130484616  0.
  13445.7256  0.0133456429  0.
  13446.0771  0.0133871213  0.
  13446.4277  0.0134438649  0.
  13446.7695  0.0136967702  0.
  13447.1299  0.0137680592  0.
  13447.4902  0.0138499364  0.
  13447.8418  0.0139960703  0.
  13448.1836  0.0142224431  0.
  13448.5439  0.0144176865  0.
  13448.8672  0.0147302933  0.
  13449.2275  0.0148662766  0.
  13449.5791  0.015093768  0.
  13449.9297  0.0151284933  0.
  13450.291  0.0154219186  0.
  13450.6426  0.0155994203  0.
  13450.9932  0.0159264915  0.
  13451.3643  0.0161501486  0.
  13451.6865  0.0163254514  0.
  13452.0381  0.0162986387  0.
  13452.3984  0.0164808966  0.
  13452.75  0.016870385  0.
  13453.1016  0.0172826909  0.
  13453.4629  0.0175689235  0.
  13453.8145  0.0178913195  0.
  13454.1465  0.0181647651  0.
  13454.5078  0.0184972323  0.
  13454.8496  0.0187609661  0.
  13455.1914  0.0191259999  0.
  13455.5527  0.0195582062  0.
  13455.8945  0.0201907717  0.
  13456.2461  0.0204738472  0.
  13456.6074  0.0209989212  0.
  13456.959  0.0215357412  0.
  13457.3105  0.0219042525  0.
  13457.6621  0.0224891454  0.
  13458.0049  0.0231008902  0.
  13458.3564  0.0236695595  0.
  13458.6895  0.0242275987  0.
  13459.0498  0.0250320323  0.
  13459.4023  0.0257843174  0.
  13459.7637  0.0265639741  0.
  13460.1152  0.0274882056  0.
  13460.4482  0.028295476  0.
  13460.8096  0.0292498786  0.
  13461.1611  0.030326318  0.
  13461.5225  0.0315130055  0.
  13461.8457  0.0327427723  0.
  13462.207  0.0340885818  0.
  13462.5596  0.035347715  0.
  13462.9209  0.0368035734  0.
  13463.2725  0.0386097617  0.
  13463.5957  0.0401729941  0.
  13463.9668  0.04196731  0.
  13464.2998  0.0443151146  0.
  13464.6621  0.0466918871  0.
  13464.9951  0.0490619913  0.
  13465.3662  0.0519660339  0.
  13465.6992  0.0550360717  0.
  13466.0605  0.0585882254  0.
  13466.4131  0.0625504926  0.
  13466.7549  0.0664459765  0.
  13467.1074  0.0711770728  0.
  13467.46  0.0766304731  0.
  13467.8027  0.0828334913  0.
  13468.1543  0.0902689025  0.
  13468.4873  0.0984154493  0.
  13468.8594  0.108770929  0.
  13469.1924  0.120229952  0.
  13469.5537  0.134716332  0.
  13469.916  0.151685894  0.
  13470.249  0.172304794  0.
  13470.6113  0.19975628  0.
  13470.9541  0.233238593  0.
  13471.3164  0.277356148  0.
  13471.6494  0.331899673  0.
  13472.0205  0.405177414  0.
  13472.373  0.486444086  0.
  13472.707  0.574492455  0.
  13473.0684  0.668915749  0.
  13473.4121  0.756302893  0.
  13473.7734  0.838205636  0.
  13474.0977  0.905724168  0.
  13474.4502  0.969165683  0.
  13474.8027  1.02059495  0.
  13475.1367  1.06228626  0.
  13475.5078  1.0996151  0.
  13475.8516  1.13148332  0.
  13476.1943  1.16155303  0.
  13476.5469  1.18879414  0.
  13476.8906  1.20884919  0.
  13477.2432  1.21823192  0.
  13477.5859  1.21301675  0.
  13477.9395  1.19260943  0.
  13478.292  1.15811515  0.
  13478.6543  1.11309159  0.
  13478.9971  1.065593  0.
  13479.3506  1.01512146  0.
  13479.7129  0.968078256  0.
  13480.0371  0.928035736  0.
  13480.418  0.892367423  0.
  13480.7422  0.8675403  0.
  13481.1055  0.850182056  0.
  13481.458  0.841824055  0.
  13481.8203  0.840390623  0.
  13482.1641  0.844571233  0.
  13482.5166  0.852333188  0.
  13482.8604  0.862348497  0.
  13483.2139  0.873717785  0.
  13483.5566  0.885776043  0.
  13483.9102  0.898142576  0.
  13484.2637  0.911624551  0.
  13484.5977  0.925616264  0.
  13484.96  0.942202687  0.
  13485.3135  0.960058331  0.
  13485.6572  0.978842854  0.
  13486.0098  0.998689294  0.
  13486.3535  1.01863086  0.
  13486.707  1.03789878  0.
  13487.0508  1.05553389  0.
  13487.3945  1.07147038  0.
  13487.748  1.08514667  0.
  13488.1104  1.09609938  0.
  13488.4541  1.10392094  0.
  13488.8174  1.10941398  0.
  13489.1514  1.11251402  0.
  13489.5049  1.11440134  0.
  13489.8584  1.1150353  0.
  13490.2119  1.11482012  0.
  13490.5654  1.11406827  0.
  13490.8994  1.11295128  0.
  13491.2812  1.11145473  0.
  13491.5967  1.10993183  0.
  13491.9785  1.10823226  0.
  13492.3232  1.10631013  0.
  13492.667  1.10415673  0.
  13493.0107  1.10188174  0.
  13493.3555  1.09895825  0.
  13493.6895  1.09550273  0.
  13494.0049  1.09198904  0.
  13494.3682  1.08732963  0.
  13495.0088  1.07780719  0.
  13495.6973  1.06739473  0.
  13496.3564  1.05701303  0.
  13497.0352  1.04690564  0.
  13497.7432  1.03724194  0.
  13498.4893  1.02916944  0.
  13499.2539  1.02249205  0.
  13500.  1.01702583  0.
  13500.8135  1.01226199  0.
  13501.6074  1.00808656  0.
  13502.4209  1.00384653  0.
  13503.2822  0.999699473  0.
  13504.1533  0.99580127  0.
  13505.0635  0.993253171  0.
  13505.9346  0.992839813  0.
  13506.8535  0.995189011  0.
  13507.8018  0.999963224  0.
  13508.8076  1.00632417  0.
  13509.7939  1.01334345  0.
  13510.8193  1.02035391  0.
  13511.8164  1.02644813  0.
  13512.8418  1.03162241  0.
  13513.9053  1.03600061  0.
  13514.9893  1.04012346  0.
  13516.0723  1.04236305  0.
  13517.1758  1.04268217  0.
  13518.3076  1.04121971  0.
  13519.4492  1.03791606  0.
  13520.6299  1.03319192  0.
  13521.8008  1.0271666  0.
  13522.9814  1.0200671  0.
  13524.2295  1.01273775  0.
  13525.4492  1.00694656  0.
  13526.707  1.00206268  0.
  13528.0137  0.998658895  0.
  13529.3398  0.995199561  0.
  13530.7139  0.992822886  0.
  13532.002  0.990528524  0.
  13533.3574  0.989671111  0.
  13534.752  0.990433514  0.
  13536.127  0.992206872  0.
  13537.6084  0.993944228  0.
  13539.0615  0.994576812  0.
  13540.5059  0.993854165  0.
  13541.9209  0.992812157  0.
  13543.4131  0.99193567  0.
  13544.9346  0.991984546  0.
  13546.4756  0.992861152  0.
  13548.0566  0.993939102  0.
  13549.6465  0.995212793  0.
  13551.1895  0.99556303  0.
  13552.79  0.995221615  0.
  13554.4199  0.99433738  0.
  13556.0596  0.992365897  0.
  13557.748  0.989932358  0.
  13559.4375  0.987410963  0.
  13561.0977  0.985830605  0.
  13562.8174  0.984840393  0.
  13564.5752  0.983814716  0.
  13566.3242  0.982693851  0.
  13568.1602  0.981699884  0.
  13569.9492  0.980705917  0.
  13571.7285  0.979274869  0.
  13573.5469  0.977996171  0.
  13575.4238  0.976830781  0.
  13577.3398  0.975650072  0.
  13579.2471  0.974954724  0.
  13581.0967  0.975161672  0.
  13583.0146  0.975533187  0.
  13584.875  0.976352036  0.
  13586.8623  0.977126956  0.
  13588.9463  0.977882743  0.
  13590.9053  0.977710307  0.
  13592.9814  0.977860332  0.
  13595.0098  0.978011429  0.
  13597.1064  0.977949798  0.
  13599.2432  0.977309823  0.
  13601.3311  0.976465404  0.
  13603.4297  0.975603938  0.
  13605.5586  0.975614071  0.
  13607.7852  0.976575732  0.
  13609.8955  0.978271425  0.
  13612.1631  0.979976714  0.
  13614.3818  0.98146981  0.
  13616.6895  0.982017756  0.
  13618.8906  0.981387317  0.
  13621.1211  0.980093837  0.
  13623.373  0.97819674  0.
  13625.7412  0.975202978  0.
  13628.1504  0.973403335  0.
  13630.4336  0.97171849  0.
  13632.7949  0.971251726  0.
  13635.2168  0.971518934  0.
  13637.6484  0.972297728  0.
  13640.0029  0.972908974  0.
  13642.4561  0.973519683  0.
  13644.8906  0.974310756  0.
  13647.4238  0.974316835  0.
  13649.959  0.972851992  0.
  13652.543  0.970208943  0.
  13655.0791  0.966904044  0.
  13657.626  0.963855863  0.
  13660.1738  0.961710334  0.
  13662.7715  0.95889169  0.
  13665.4102  0.960568845  0.
  13668.0195  0.962431967  0.
  13670.6699  0.964901149  0.
  13673.3408  0.969081938  0.
  13676.1211  0.96882236  0.
  13678.7939  0.968732178  0.
  13681.5176  0.967599869  0.
  13684.2715  0.966477156  0.
  13687.0557  0.965281725  0.
  13689.832  0.96339947  0.
  13692.6973  0.961012125  0.
  13695.5742  0.959871173  0.
  13698.3047  0.959588587  0.
  13701.0752  0.959680617  0.
  13704.0342  0.95946008  0.
  13707.084  0.95855248  0.
  13709.9473  0.957468927  0.
  13712.8809  0.956351161  0.
  13715.8848  0.954894722  0.
  13718.7715  0.952871978  0.
  13721.8086  0.950591981  0.
  13724.9746  0.949422479  0.
  13727.9844  0.949735284  0.
  13730.8662  0.951001287  0.
  13734.0967  0.952767789  0.
  13736.9717  0.955822349  0.
  13740.4629  0.958666682  0.
  13743.2119  0.960770428  0.
  13746.6367  0.961798847  0.
  13749.5068  0.961079717  0.
  13753.0742  0.95841825  0.
  13756.0264  0.955307245  0.
  13759.5283  0.952287257  0.
  13762.3936  0.950369596  0.
  13766.0576  0.948924899  0.
  13768.9766  0.948768079  0.
  13772.584  0.948671997  0.
  13775.835  0.948950708  0.
  13779.0869  0.948646903  0.
  13782.4307  0.948161244  0.
  13785.8252  0.947423339  0.
  13789.082  0.945550323  0.
  13792.5713  0.943260014  0.
  13796.1211  0.941095114  0.
  13799.5137  0.939799786  0.
  13803.0273  0.939465463  0.
  13806.5635  0.939775348  0.
  13809.9902  0.940746367  0.
  13813.5303  0.942247748  0.
  13817.1221  0.943530738  0.
  13820.6846  0.944253743  0.
  13824.2305  0.944167674  0.
  13827.8574  0.942551672  0.
  13831.457  0.941158533  0.
  13835.0576  0.939305246  0.
  13838.6309  0.937540293  0.
  13842.3164  0.935976923  0.
  13846.2256  0.935160637  0.
  13849.9561  0.934796154  0.
  13853.5869  0.934601307  0.
  13857.4219  0.934704483  0.
  13861.1582  0.934554338  0.
  13865.0684  0.933817327  0.
  13868.8496  0.933009744  0.
  13872.6533  0.93222034  0.
  13876.5293  0.931052625  0.
  13880.2861  0.930093944  0.
  13884.2588  0.929017484  0.
  13888.2324  0.928537846  0.
  13892.0977  0.928701162  0.
  13896.1074  0.929413557  0.
  13899.9668  0.930030227  0.
  13904.001  0.930287898  0.
  13908.0889  0.929968596  0.
  13912.0566  0.929084063  0.
  13916.0674  0.927887082  0.
  13920.1016  0.926222682  0.
  13924.209  0.924428046  0.
  13928.4111  0.922839522  0.
  13932.5039  0.921563625  0.
  13936.7822  0.920666933  0.
  13940.7158  0.920192599  0.
  13944.8359  0.919363499  0.
  13949.0918  0.9190467  0.
  13953.4014  0.918260634  0.
  13957.7744  0.917696238  0.
  13961.8848  0.916995823  0.
  13965.9873  0.915858567  0.
  13970.4814  0.914769709  0.
  13974.8047  0.913824797  0.
  13979.0996  0.913425088  0.
  13983.377  0.913249969  0.
  13987.8213  0.913394868  0.
  13992.1768  0.913568437  0.
  13996.5137  0.913733542  0.
  14001.1318  0.91364789  0.
  14005.5049  0.913260043  0.
  14009.9854  0.912834167  0.
  14014.5293  0.911872208  0.
  14019.0771  0.910523891  0.
  14023.4209  0.909176111  0.
  14028.1094  0.907537997  0.
  14032.7178  0.906465411  0.
  14037.1113  0.905436695  0.
  14041.8613  0.904655397  0.
  14046.5518  0.903829157  0.
  14051.1514  0.902887404  0.
  14055.6514  0.901885509  0.
  14060.3721  0.901010573  0.
  14065.0859  0.899958491  0.
  14069.9277  0.898972631  0.
  14074.7832  0.898270607  0.
  14079.3184  0.897783995  0.
  14084.1709  0.897296071  0.
  14088.8906  0.897344947  0.
  14093.8428  0.897355139  0.
  14098.5488  0.897299886  0.
  14103.4453  0.897296369  0.
  14108.1572  0.896709859  0.
  14113.1133  0.896191418  0.
  14118.0312  0.894912362  0.
  14122.9629  0.892879069  0.
  14127.8984  0.891757429  0.
  14133.0273  0.890985608  0.
  14138.0225  0.890054703  0.
  14142.916  0.889028907  0.
  14147.9922  0.888332248  0.
  14152.8818  0.887767911  0.
  14158.0293  0.887215495  0.
  14163.1797  0.886631072  0.
  14168.25  0.885951757  0.
  14173.292  0.885260403  0.
  14178.4639  0.884405315  0.
