# Run:  ru_008_         Fri May 03 18:52:29 2019                                  
# URu2Si2 x = 0.2, Slot 10 Slits 0.2 0.8mm                                        
# T = 20 K Ru Foil Reference 90deg                                                
# Gains 2e6 5e6 1e7 Ru K15                                                        
# BL 4-1 220s phi = 0                                                             
#                                                                                 
# TABLEVERT: 16.422222	TABLEHORZ: 15.749206	DETHOR: 300.000000	VERTGAP1: 0.200000	
# Region: Ru-K15.rgn      Detector: trans.det                                     
# SSRL BEAMLINE                                                                   
#                                                                                 
# TRANSMISSION; P= -3.00 REMOVED FROM     0. TO 22080. EV, ORDER=  6              
# Used mucal formula with Ru K                                                    
# Normalized by edge height:  0.4003                                              
# ----------------------------------------------------
  21876.9238  3.48398862E-05 -0.518417239
  21886.4727 -0.00355337048 -0.51829797
  21896.6719  0.00128725183 -0.518295288
  21906.7266  0.00624873443 -0.518261433
  21917.0469  0.00365413073 -0.518122613
  21926.9395 -0.000932153023 -0.518208563
  21936.8926 -0.00416604616 -0.518304229
  21946.9062 -0.00553529849 -0.518210888
  21957.0078 -0.00189259485 -0.518233061
  21967.1953  0.00217492459 -0.518356502
  21977.0059  0.00346984412 -0.518216789
  21986.8496  0.000696425501 -0.518376589
  21997.0391 -0.00304327882 -0.518278003
  22006.9023 -0.00358251552 -0.518310547
  22017.0332 -0.000884620415 -0.518368423
  22027.1211  0.00122330431 -0.518302143
  22037.0371  0.00248803687 -0.518286705
  22047.1445  0.00250746682 -0.518148303
  22057.1055  0.000627341273 -0.517958999
  22067.0996 -0.000609549112 -0.5178442
  22077.3125  0.000580776425 -0.51736939
  22087.3008  0.007445239 -0.516615152
  22087.5352  0.00741322804 -0.516578972
  22087.5879  0.0072629624 -0.516446352
  22087.9277  0.00748878857 -0.516368151
  22088.293  0.00774070807 -0.516236603
  22088.7109  0.00819574762 -0.51616931
  22089.0762  0.00836857036 -0.515967727
  22089.4141  0.00878497399 -0.515998006
  22089.7539  0.00911565498 -0.515805483
  22090.1445  0.0094299959 -0.51582408
  22090.4844  0.00982533116 -0.515702188
  22090.8242  0.0100027323 -0.515615106
  22091.1895  0.0103075439 -0.515503168
  22091.5547  0.0107496679 -0.515381277
  22091.8418  0.0110366875 -0.515289664
  22092.2598  0.0114526814 -0.515225708
  22092.5977  0.0121430401 -0.515262246
  22092.9375  0.0128431879 -0.515281439
  22093.2773  0.0132765649 -0.515179992
  22093.6426  0.0135888578 -0.515089333
  22094.0078  0.0141870175 -0.514993489
  22094.3223  0.0140766539 -0.514693737
  22094.7129  0.0144423982 -0.514473498
  22095.0527  0.0148919662 -0.514426351
  22095.3652  0.0154360421 -0.514385521
  22095.7578  0.0161180254 -0.514322758
  22096.123  0.0165720601 -0.514196277
  22096.4629  0.0169831794 -0.514126897
  22096.7754  0.017660547 -0.514041364
  22097.168  0.0183535106 -0.51398921
  22097.5078  0.0187743437 -0.513819814
  22097.8457  0.0195757728 -0.513817251
  22098.2129  0.0202081017 -0.513613522
  22098.5508  0.0207148809 -0.513501346
  22098.8652  0.0214955769 -0.513456404
  22099.2559  0.0221535508 -0.513237476
  22099.5957  0.022945676 -0.513260901
  22099.9609  0.023821177 -0.513093352
  22100.3008  0.024653947 -0.512980223
  22100.6152  0.0253919121 -0.512851894
  22100.9805  0.0263555925 -0.512731373
  22101.373  0.0273336396 -0.512571633
  22101.6855  0.0281733703 -0.512469411
  22102.0508  0.029307602 -0.512363672
  22102.3652  0.0301085841 -0.512146294
  22102.7578  0.0313883163 -0.511939645
  22103.0977  0.0325792395 -0.511922479
  22103.4629  0.0337044634 -0.511706352
  22103.8027  0.0350517891 -0.511596262
  22104.1426  0.0362172164 -0.511450171
  22104.4824  0.0374086946 -0.511150718
  22104.873  0.0390863679 -0.510972202
  22105.2129  0.0404177643 -0.510770321
  22105.5273  0.0417901091 -0.510651171
  22105.918  0.0434444807 -0.510287166
  22106.2578  0.0451357029 -0.510146439
  22106.5977  0.0469063967 -0.509864628
  22106.9648  0.0488165244 -0.509653091
  22107.3047  0.0509711988 -0.509425938
  22107.6445  0.0527889021 -0.509020567
  22108.0352  0.0555552877 -0.508751094
  22108.3496  0.0577445403 -0.508406699
  22108.7148  0.0603959449 -0.508046806
  22109.0547  0.063226983 -0.507711053
  22109.4219  0.0662656128 -0.507264376
  22109.7617  0.0696196184 -0.506751776
  22110.1016  0.0732067525 -0.506283224
  22110.4414  0.0772447884 -0.505804896
  22110.834  0.0820781142 -0.505319893
  22111.1465  0.0864758343 -0.504736483
  22111.5137  0.0920972675 -0.504082263
  22111.8789  0.098041296 -0.503270507
  22112.1934  0.104262337 -0.502587795
  22112.5332  0.111937352 -0.501565695
  22112.9258  0.120894477 -0.500416934
  22113.2383  0.129442722 -0.499358296
  22113.5781  0.140711516 -0.497970968
  22113.9707  0.153824612 -0.496465325
  22114.3379  0.16716665 -0.494904548
  22114.6777  0.180694908 -0.493296117
  22114.9902  0.195922092 -0.491484284
  22115.3828  0.213970453 -0.489254355
  22115.7227  0.23050195 -0.487100899
  22116.0117  0.247707933 -0.484841406
  22116.4297  0.269153386 -0.481800079
  22116.7695  0.285907924 -0.47927469
  22117.1094  0.303442389 -0.476634055
  22117.4766  0.320495814 -0.473782539
  22117.8164  0.335816264 -0.471126556
  22118.1562  0.351008564 -0.468570709
  22118.4961  0.36618045 -0.465719283
  22118.916  0.382491082 -0.462673068
  22119.2031  0.395074338 -0.460347146
  22119.543  0.409767777 -0.457766294
  22119.9355  0.426700145 -0.454970479
  22120.3027  0.441454321 -0.452696115
  22120.6152  0.455802739 -0.450715572
  22120.957  0.472200513 -0.448521614
  22121.3223  0.489710033 -0.446299791
  22121.6621  0.507945538 -0.444268465
  22122.0293  0.525607824 -0.442534626
  22122.3438  0.54228121 -0.440855891
  22122.7363  0.562025845 -0.43894282
  22123.0762  0.578970075 -0.43753773
  22123.416  0.595600605 -0.436089993
  22123.7832  0.613937616 -0.434598029
  22124.0977  0.631201208 -0.433126599
  22124.4629  0.649556637 -0.431322098
  22124.8301  0.667141974 -0.42964533
  22125.1699  0.683443666 -0.427915663
  22125.4844  0.700986981 -0.425548255
  22125.877  0.718556285 -0.423038274
  22126.2188  0.733342826 -0.420718849
  22126.5312  0.74874872 -0.41778639
  22126.9238  0.764194429 -0.414593577
  22127.2383  0.776974797 -0.411754668
  22127.6309  0.79071188 -0.408179849
  22127.9453  0.801068842 -0.404951841
  22128.3125  0.812349856 -0.401380479
  22128.6797  0.822458148 -0.398145795
  22128.9941  0.831178188 -0.395383239
  22129.3594  0.840795577 -0.39211008
  22129.7012  0.849336267 -0.389317989
  22130.0664  0.857245684 -0.38672021
  22130.4082  0.864768565 -0.384343177
  22130.7754  0.872024536 -0.382127851
  22131.1152  0.878676593 -0.380080581
  22131.4551  0.885463953 -0.377969831
  22131.8223  0.891858041 -0.376175851
  22132.1895  0.898281693 -0.374322712
  22132.5293  0.904186547 -0.372761339
  22132.8711  0.909851372 -0.371494055
  22133.2363  0.915109396 -0.370013833
  22133.5508  0.920266569 -0.36912936
  22133.9453  0.92497468 -0.368167281
  22134.2598  0.928616703 -0.367441207
  22134.625  0.932208896 -0.3669976
  22134.9668  0.93494755 -0.366687745
  22135.334  0.937265158 -0.366733611
  22135.6484  0.938607812 -0.366815746
  22136.0137  0.9400087 -0.367317855
  22136.3809  0.940725863 -0.36805895
  22136.6953  0.941220939 -0.368769556
  22137.0098  0.941537797 -0.369755059
  22137.4043  0.941961825 -0.370994568
  22138.0059  0.942452252 -0.373305351
  22138.7148  0.943823516 -0.375800252
  22139.3965  0.946628749 -0.378128678
  22140.1035  0.950997531 -0.380139768
  22140.8105  0.956809938 -0.381738544
  22141.5449  0.964535773 -0.38277781
  22142.2793  0.972728252 -0.383240014
  22143.041  0.982206643 -0.383223742
  22143.8789  0.993311942 -0.382846266
  22144.666  1.00565267 -0.382561535
  22145.5312  1.02123892 -0.38209188
  22146.3438  1.03820872 -0.381635249
  22147.2363  1.05912137 -0.381158888
  22148.1016  1.08153605 -0.380539536
  22149.0215  1.10561061 -0.379774421
  22149.9648  1.1288693 -0.378364533
  22150.8574  1.14925957 -0.37647894
  22151.8555  1.16696465 -0.373826087
  22152.8262  1.17792118 -0.370704472
  22153.7715  1.18040752 -0.36717543
  22154.7949  1.17283511 -0.363384366
  22155.8965  1.15509629 -0.359704733
  22156.9199  1.1308403 -0.356350064
  22158.0508  1.10259163 -0.35372889
  22159.0996  1.07533348 -0.352265596
  22160.2305  1.04906464 -0.351688892
  22161.3594  1.02674329 -0.352740884
  22162.541  1.00731993 -0.355094314
  22163.6973  0.991099596 -0.35860306
  22164.8262  0.97720176 -0.362737894
  22166.0879  0.964167476 -0.367370725
  22167.3223  0.952991247 -0.371530086
  22168.5312  0.943641722 -0.374905795
  22169.8457  0.936690092 -0.377681613
  22171.1348  0.932926416 -0.379363984
  22172.4492  0.931724966 -0.380141169
  22173.791  0.932332575 -0.380305409
  22175.1309  0.934783578 -0.379958808
  22176.4727  0.938282311 -0.379281342
  22177.8672  0.943104625 -0.378817558
  22179.209  0.948433638 -0.378122836
  22180.6035  0.95579505 -0.377606928
  22182.0762  0.966614664 -0.37726891
  22183.5508  0.981381297 -0.377194673
  22185.0508  1.00073767 -0.377081782
  22186.5254  1.02356052 -0.377055109
  22188.0527  1.04767561 -0.37689662
  22189.5801  1.06775236 -0.376302123
  22191.1602  1.08030307 -0.375365674
  22192.7148  1.08346128 -0.373742223
  22194.3477  1.07958257 -0.371902823
  22195.9277  1.07094181 -0.36991787
  22197.5879  1.06023836 -0.36773774
  22199.248  1.05007136 -0.365977257
  22200.9102  1.04251838 -0.365126491
  22202.5957  1.03796482 -0.365014702
  22204.2832  1.0366888 -0.365611017
  22205.998  1.03882706 -0.366904169
  22207.6855  1.04296923 -0.368605137
  22209.5059  1.04780328 -0.370614499
  22211.3281  1.05089605 -0.372537166
  22213.1211  1.05113792 -0.374002606
  22214.9434  1.04920554 -0.375097543
  22216.7383  1.04538167 -0.375594199
  22218.6133  1.04017639 -0.375685692
  22220.4863  1.03420985 -0.375609815
  22222.3887  1.02692902 -0.375482976
  22224.3164  1.01963198 -0.375680208
  22226.2461  1.0127809 -0.376387209
  22228.2539  1.00616622 -0.376862824
  22230.209  1.00036228 -0.377154171
  22232.166  0.996263325 -0.377079695
  22234.123  0.993654966 -0.376611561
  22236.1855  0.992190063 -0.375977755
  22238.248  0.991177619 -0.374901205
  22240.3125  0.989695728 -0.373416692
  22242.3496  0.987049103 -0.371963352
  22244.5195  0.983771741 -0.370684177
  22246.6094  0.980173647 -0.369807333
  22248.7539  0.977244914 -0.369332165
  22250.9531  0.975852013 -0.369527161
  22253.1504  0.976959169 -0.370393991
  22255.4023  0.980100036 -0.371708483
  22257.5488  0.98527801 -0.373321354
  22259.748  0.993244052 -0.375272155
  22262.0273  1.00341988 -0.377601862
  22264.334  1.01332021 -0.379401863
  22266.5879  1.0216794 -0.380945385
  22268.8945  1.02783954 -0.382352889
  22271.2559  1.03173947 -0.383167624
  22273.6172  1.03400517 -0.383312166
  22275.9531  1.03528571 -0.382712901
  22278.3945  1.03539097 -0.381528854
  22280.8379  1.0344044 -0.379988104
  22283.2285  1.03202629 -0.378626674
  22285.6445  1.02800298 -0.37735644
  22288.0898  1.02261102 -0.376310378
  22290.5352  1.01644576 -0.375697315
  22293.0859  1.00897193 -0.375068575
  22295.5586  1.00093973 -0.374725103
  22298.1113  0.992770791 -0.374640226
  22300.7188  0.985469401 -0.374768972
  22303.3262  0.979033411 -0.374746859
  22305.9863  0.973717928 -0.374845862
  22308.6484  0.970047653 -0.374921411
  22311.2852  0.968102872 -0.37485534
  22313.8145  0.968120396 -0.374900579
  22316.5039  0.970633686 -0.375168234
  22319.2754  0.974373996 -0.37599197
  22321.9395  0.979201138 -0.377265513
  22324.5801  0.982775271 -0.378395766
  22327.4062  0.985432267 -0.379904866
  22330.125  0.987376511 -0.38137427
  22333.0059  0.989879191 -0.383200228
  22335.8086  0.992349267 -0.384741575
  22338.584  0.994684517 -0.385905027
  22341.3867  0.99630028 -0.386873782
  22344.3242  0.996250391 -0.387238234
  22347.1836  0.993946075 -0.387230515
  22350.041  0.9894678 -0.386875987
  22352.9805  0.983446836 -0.386123896
  22355.9492  0.978239715 -0.385420322
  22358.9434  0.973739564 -0.384548843
  22361.9648  0.970550776 -0.383624136
  22364.8809  0.968137205 -0.382562041
  22367.8789  0.966320872 -0.381200254
  22370.9043  0.96556437 -0.379827052
  22373.9551  0.966407061 -0.37885499
  22377.0098  0.968811929 -0.378193825
  22380.1172  0.972904742 -0.377671331
  22383.2246  0.976394773 -0.377357662
  22386.3613  0.978727102 -0.377567798
  22389.5254  0.980557263 -0.378384203
  22392.5566  0.981301546 -0.379345089
  22395.7754  0.983832121 -0.380632579
  22399.0762  0.985360265 -0.381666422
  22402.1895  0.984879613 -0.382598579
  22405.4121  0.980365217 -0.383329391
  22408.7148  0.974108875 -0.384320259
  22411.9941  0.969237626 -0.385188371
  22415.2988  0.966289878 -0.386255801
  22418.5781  0.965290368 -0.38715598
  22421.832  0.963772178 -0.388315141
  22425.3027  0.96162045 -0.389543951
  22428.6934  0.958275437 -0.390398204
  22432.0312  0.956360221 -0.391034186
  22435.4766  0.95514214 -0.39096573
  22438.9238  0.955003023 -0.390354872
  22442.373  0.955274343 -0.389175653
  22445.7949  0.956887007 -0.388155043
  22449.2188  0.959320128 -0.387042314
  22452.8047  0.96135956 -0.385878921
  22456.2305  0.962763429 -0.384673864
  22459.8184  0.963265002 -0.383670062
  22463.4355  0.964041531 -0.382927716
  22467.1074  0.964946806 -0.382588267
  22470.7539  0.965964258 -0.382444531
  22474.2656  0.967020452 -0.382558048
  22477.8887  0.966825902 -0.383145869
  22481.6191  0.964643002 -0.384139597
  22485.2148  0.961901963 -0.385272563
  22488.9492  0.960453451 -0.386268079
  22492.6562  0.962251961 -0.386867553
  22496.4473  0.966910899 -0.387302399
  22500.2109  0.971725523 -0.387409896
  22503.8672  0.975386977 -0.387698799
  22507.7695  0.977624893 -0.388330787
  22511.5918  0.975007951 -0.388766378
  22515.3887  0.968163431 -0.389228463
  22519.2676  0.959431946 -0.390217483
  22523.1758  0.950980306 -0.39118436
  22526.9766  0.944813788 -0.391915411
  22530.832  0.941002369 -0.392257512
  22534.8242  0.940175891 -0.392200083
  22538.7656  0.942150354 -0.392008454
  22542.7617  0.944997847 -0.391909838
  22546.7578  0.946661651 -0.391637772
  22550.7852  0.947020471 -0.391276926
  22554.8125  0.947095037 -0.390942454
  22558.7871  0.947546601 -0.390466899
  22562.8438  0.948071599 -0.389792383
  22566.9316  0.947670817 -0.389178485
  22571.0723  0.946699321 -0.38845095
  22575.2168  0.947238326 -0.387945056
  22579.4727  0.949678242 -0.387747914
  22583.5098  0.952417672 -0.387204081
  22587.6855  0.956613839 -0.387425333
  22591.8906  0.959374905 -0.38827762
  22596.123  0.959519565 -0.389456302
  22600.3867  0.958604634 -0.39054203
  22604.6504  0.95801419 -0.391273737
  22608.9434  0.957456172 -0.391767144
  22613.2109  0.954956353 -0.392059982
  22617.6992  0.950425506 -0.392644942
  22621.9707  0.945263267 -0.39331156
  22626.3516  0.942063808 -0.394133449
  22630.709  0.941007137 -0.394790739
  22635.1484  0.942416012 -0.395359427
  22639.5078  0.94503969 -0.395497143
  22643.9785  0.947069585 -0.395470321
  22648.4805  0.946065426 -0.395193994
  22652.9551  0.941526473 -0.394856274
  22657.459  0.935791135 -0.394533515
  22662.0195  0.931658804 -0.394117355
  22666.3613  0.9292925 -0.393728554
  22670.8984  0.928267777 -0.393470317
  22675.4102  0.928164303 -0.393334627
  22680.0605  0.928964436 -0.393368542
  22684.6582  0.931465089 -0.393657446
  22689.3125  0.935833097 -0.39408651
  22693.8867  0.94036305 -0.394180119
  22698.6836  0.943725705 -0.394210786
  22703.2324  0.945300281 -0.393972307
  22707.9785  0.945673466 -0.393854946
  22712.752  0.94536227 -0.394249707
  22717.4727  0.94440192 -0.394573241
  22722.1699  0.943697751 -0.394942522
  22727.0879  0.943219423 -0.39552182
  22731.8164  0.941844404 -0.396237969
  22736.627  0.939365268 -0.396710336
  22741.5254  0.937203944 -0.397292346
  22746.3965  0.933804095 -0.397559047
  22751.1602  0.929137707 -0.397760153
  22756.0918  0.925677121 -0.398265004
  22760.9707  0.922785878 -0.398693919
  22765.9609  0.920823038 -0.398848981
  22770.9277  0.920345724 -0.398926795
  22775.7285  0.921053708 -0.398875713
  22780.7812  0.92249608 -0.398624301
  22785.7266  0.924607694 -0.398418486
  22790.7832  0.926817179 -0.398169339
  22795.8711  0.928464651 -0.398058295
  22801.0176  0.929461122 -0.398118734
  22805.9434  0.930709481 -0.398422301
  22811.1211  0.931790292 -0.398797303
  22816.2461  0.931761742 -0.399039686
  22821.3184  0.930770814 -0.399128884
  22826.5879  0.929797649 -0.399077445
  22831.6914  0.929612994 -0.399131119
  22836.9102  0.929412365 -0.398822695
  22842.0469  0.929109156 -0.398684859
  22847.2969  0.927856624 -0.398749352
  22852.6895  0.92475009 -0.399001598
  22857.918  0.920318723 -0.399404347
  22863.0352  0.916498125 -0.399902225
  22868.4082  0.913660347 -0.400611252
  22873.6992  0.911882341 -0.401187092
  22879.1328  0.912346542 -0.401793629
  22884.5977  0.914050221 -0.402251154
  22889.9238  0.915169001 -0.402651638
  22895.3086  0.914742112 -0.40282622
  22900.6973  0.914825141 -0.403182268
  22906.1992  0.914209366 -0.402904779
  22911.7324  0.91484648 -0.402823269
  22917.0156  0.915770829 -0.402622402
  22922.582  0.915888011 -0.40241906
  22927.9551  0.915195942 -0.402386367
  22933.5547  0.914237797 -0.402549922
  22939.3555  0.913282871 -0.402709424
  22944.7363  0.91384989 -0.403141409
  22950.4297  0.915022612 -0.403385669
  22955.9277  0.915948033 -0.403671384
  22961.5703  0.916171134 -0.40391168
  22967.3574  0.914747 -0.404057711
  22972.9199  0.913512349 -0.404217005
  22978.5137  0.911101878 -0.404345334
  22984.168  0.908271253 -0.404362768
  22990.1074  0.905947447 -0.404530764
  22995.9941  0.903601766 -0.404783666
