# Run:  ru_007_         Fri May 03 18:04:51 2019                                  
# URu2Si2 x = 0.2, Slot 10 Slits 0.2 0.8mm                                        
# T = 10 K Ru Foil Reference 90deg                                                
# Gains 2e6 5e6 1e7 Ru K15                                                        
# BL 4-1 220s phi = 0                                                             
#                                                                                 
# TABLEVERT: 16.422222	TABLEHORZ: 15.749206	DETHOR: 300.000000	VERTGAP1: 0.200000	
# Region: Ru-K15.rgn      Detector: trans.det                                     
# SSRL BEAMLINE                                                                   
#                                                                                 
# TRANSMISSION; P= -3.00 REMOVED FROM     0. TO 22080. EV, ORDER=  6              
# Used mucal formula with Ru K                                                    
# Normalized by edge height:  0.4009                                              
# ----------------------------------------------------
  21876.9746  0.000495359127 -0.514610648
  21886.5254 -0.00305991224 -0.514631212
  21896.543  0.00136464438 -0.514755845
  21906.6738  0.00625315215 -0.51476717
  21916.8398  0.00364726619 -0.514707327
  21926.7598 -0.00136051863 -0.514825106
  21936.8672 -0.00459605735 -0.514949799
  21946.9062 -0.00601586141 -0.515031755
  21956.9043 -0.00232878653 -0.515212238
  21967.0664  0.00190665142 -0.515313625
  21977.0312  0.00337600242 -0.515324116
  21986.8242  0.000458970113 -0.515426695
  21996.9883 -0.00314120227 -0.515506327
  22006.9551 -0.00357642095 -0.515595675
  22016.9824 -0.00101751753 -0.515463233
  22027.0176  0.00126291125 -0.515523195
  22037.1426  0.0026230209 -0.515471995
  22047.2227  0.00304047274 -0.515402079
  22057.0781  0.00118942698 -0.515250385
  22067.0996 -0.000301556895 -0.514971435
  22077.3398  0.00104316464 -0.514793098
  22087.248  0.00799514167 -0.514040351
  22087.4844  0.00786883943 -0.514003754
  22087.5879  0.00806806888 -0.513990998
  22087.9277  0.00837705936 -0.513881445
  22088.3711  0.00868021511 -0.513704956
  22088.7109  0.00919081364 -0.51368922
  22089.0488  0.00939476304 -0.513650537
  22089.4141  0.00987294968 -0.513655245
  22089.7793  0.0101273386 -0.513507605
  22090.1191  0.0104900021 -0.513468981
  22090.5098  0.0110202637 -0.513474464
  22090.8496  0.011293795 -0.513396263
  22091.1367  0.0116454558 -0.513327122
  22091.5547  0.0120960632 -0.513225257
  22091.8945  0.0124656036 -0.513174057
  22092.2324  0.0130304322 -0.513118625
  22092.5977  0.0133245923 -0.513004839
  22092.9121  0.0137359109 -0.513019562
  22093.2773  0.0142233903 -0.512851298
  22093.6426  0.0147820869 -0.512784541
  22094.0078  0.0151300309 -0.512740731
  22094.3223  0.0157557447 -0.512692034
  22094.7129  0.0163032524 -0.512562752
  22095.0254  0.0167755652 -0.512497425
  22095.3926  0.0172827821 -0.512415648
  22095.7578  0.0178329293 -0.512272358
  22096.123  0.0184283871 -0.512234211
  22096.4355  0.0189155303 -0.512199223
  22096.8281  0.0196288154 -0.512156963
  22097.1152  0.0201650243 -0.512011826
  22097.5078  0.020653544 -0.511884809
  22097.8457  0.0214050394 -0.511823535
  22098.2129  0.021959126 -0.511722565
  22098.5508  0.0226031262 -0.511648655
  22098.8906  0.0232941471 -0.511547267
  22099.2559  0.0243018884 -0.511502802
  22099.5957  0.0249336604 -0.511392891
  22099.9609  0.0259539653 -0.51127243
  22100.3008  0.0269011203 -0.511215568
  22100.6406  0.0275950022 -0.511037588
  22100.9805  0.0284604598 -0.510927439
  22101.3457  0.029482102 -0.510815024
  22101.7129  0.0304300021 -0.510611415
  22102.0781  0.0314822346 -0.510562539
  22102.3652  0.0324450023 -0.510439396
  22102.7578  0.0334327482 -0.510241926
  22103.0977  0.0348218493 -0.510067821
  22103.4355  0.0358927064 -0.509933412
  22103.8281  0.0372713618 -0.509775698
  22104.1426  0.0383782722 -0.509726167
  22104.5078  0.0397741385 -0.509413123
  22104.873  0.0414049178 -0.509291172
  22105.2129  0.0431222282 -0.50929594
  22105.5273  0.0445321836 -0.509037733
  22105.918  0.0461974554 -0.508778572
  22106.2852  0.0476016477 -0.508432329
  22106.5977  0.0494432896 -0.508288145
  22106.9648  0.0514019765 -0.508055031
  22107.3555  0.0533371381 -0.507728338
  22107.6445  0.0552466512 -0.507428944
  22108.0098  0.0578504167 -0.507161975
  22108.3496  0.0603495538 -0.506890297
  22108.7148  0.0630234629 -0.506492257
  22109.0547  0.0658635497 -0.506088495
  22109.3945  0.0689762086 -0.505719483
  22109.7871  0.0728920624 -0.505236149
  22110.127  0.0761270076 -0.504787624
  22110.4414  0.0797225311 -0.504375041
  22110.8066  0.0845599696 -0.503813982
  22111.1738  0.0895930678 -0.503221691
  22111.5391  0.0947303846 -0.502465725
  22111.8535  0.100291215 -0.501854539
  22112.1934  0.107283972 -0.501018405
  22112.5859  0.115417793 -0.500068009
  22112.8984  0.123039193 -0.499090493
  22113.2656  0.133140251 -0.497990102
  22113.6309  0.14384231 -0.496667266
  22113.9707  0.155012891 -0.495402038
  22114.3105  0.168290049 -0.49373883
  22114.6777  0.183484495 -0.491974801
  22115.0176  0.198707074 -0.490151048
  22115.3574  0.215751201 -0.487980217
  22115.7227  0.233784735 -0.485647649
  22116.0645  0.251365155 -0.483168989
  22116.4043  0.269735813 -0.480533063
  22116.7695  0.288139611 -0.478016287
  22117.1367  0.306333005 -0.475248843
  22117.4766  0.322025388 -0.472499847
  22117.8164  0.33764872 -0.469849139
  22118.1562  0.353098899 -0.467108935
  22118.5488  0.368225694 -0.464299411
  22118.8633  0.38248992 -0.461621642
  22119.2031  0.397381365 -0.458950251
  22119.543  0.412140608 -0.456294358
  22119.9355  0.42962712 -0.453548223
  22120.3027  0.444463462 -0.451233208
  22120.5898  0.458825707 -0.449333251
  22120.9824  0.476562887 -0.446733713
  22121.3496  0.493112028 -0.444770038
  22121.6621  0.509825647 -0.442960382
  22122.0293  0.527578413 -0.44109121
  22122.3691  0.544058204 -0.439417124
  22122.7363  0.562847137 -0.437707424
  22123.0762  0.579666197 -0.436314851
  22123.3906  0.596660018 -0.43474257
  22123.7832  0.616337597 -0.433171362
  22124.123  0.633398533 -0.431720287
  22124.4629  0.650663376 -0.430175722
  22124.8301  0.668359935 -0.428357065
  22125.1445  0.684449315 -0.426612824
  22125.5371  0.703399897 -0.424121588
  22125.8242  0.718955934 -0.421931058
  22126.2188  0.735897124 -0.419142872
  22126.584  0.751664162 -0.41631037
  22126.8984  0.765026152 -0.413530827
  22127.2383  0.778466284 -0.410507977
  22127.6055  0.79132843 -0.406678528
  22127.9199  0.802484214 -0.403366119
  22128.3379  0.814593315 -0.399668932
  22128.6797  0.824052632 -0.396530867
  22129.0195  0.83277303 -0.393787146
  22129.3594  0.841438115 -0.390871972
  22129.6738  0.849640846 -0.388033152
  22130.0664  0.858498573 -0.385278612
  22130.4336  0.865923643 -0.382813394
  22130.748  0.872552037 -0.380752444
  22131.1152  0.879514039 -0.378661662
  22131.4824  0.886438847 -0.376606524
  22131.8223  0.89246738 -0.374896079
  22132.1621  0.898758352 -0.373220056
  22132.5293  0.905271947 -0.371532321
  22132.8711  0.910688877 -0.370228976
  22133.2109  0.916309416 -0.368891418
  22133.5781  0.921550453 -0.367868543
  22133.918  0.925863981 -0.366855562
  22134.3105  0.929989874 -0.366108924
  22134.5996  0.932830513 -0.365595311
  22134.9668  0.935759664 -0.365366787
  22135.3066  0.937955081 -0.365333557
  22135.6484  0.939734578 -0.365580767
  22136.0137  0.940835953 -0.365997285
  22136.3809  0.941629708 -0.366721988
  22136.7227  0.942054629 -0.367492408
  22137.0098  0.942352057 -0.368396521
  22137.4043  0.942607462 -0.369674563
  22138.0059  0.943369627 -0.371900827
  22138.7148  0.944754541 -0.374502808
  22139.3965  0.947559893 -0.376825094
  22140.0781  0.951967418 -0.378932744
  22140.8379  0.958225548 -0.38050884
  22141.5449  0.965407312 -0.381447405
  22142.2539  0.973496318 -0.38195169
  22143.0664  0.983577192 -0.382084101
  22143.8789  0.994332075 -0.38186124
  22144.666  1.00645423 -0.381335437
  22145.4785  1.02181196 -0.380843312
  22146.3711  1.04012609 -0.38044554
  22147.2363  1.06016898 -0.379986286
  22148.1543  1.08309102 -0.379450411
  22149.0215  1.10536599 -0.378520757
  22149.9121  1.12885499 -0.377269
  22150.9102  1.1504488 -0.375125915
  22151.8281  1.16732252 -0.372649401
  22152.8262  1.17834854 -0.369415969
  22153.7715  1.1805613 -0.365867257
  22154.8477  1.17293847 -0.362091571
  22155.8438  1.15564549 -0.358519554
  22156.9473  1.13018131 -0.355159342
  22158.0508  1.10259461 -0.352688968
  22159.127  1.07533777 -0.351123065
  22160.2305  1.0497123 -0.350727528
  22161.3848  1.02705741 -0.351756245
  22162.5156  1.00837982 -0.354068041
  22163.6699  0.99222827 -0.357559621
  22164.8535  0.9776963 -0.361650676
  22166.0352  0.965242505 -0.366180182
  22167.3223  0.953543127 -0.370540947
  22168.584  0.944536865 -0.374059796
  22169.8203  0.937652886 -0.37658751
  22171.1074  0.933672369 -0.378310144
  22172.4492  0.93248105 -0.379118383
  22173.7637  0.933197498 -0.379316956
  22175.1309  0.935391068 -0.378899217
  22176.4199  0.939017475 -0.378349572
  22177.8926  0.943531334 -0.377643615
  22179.209  0.949570775 -0.377260983
  22180.6289  0.956544578 -0.376548856
  22182.0762  0.966934443 -0.376134634
  22183.5762  0.981941223 -0.37595126
  22185.0254  1.00098383 -0.375948936
  22186.5781  1.02469862 -0.375962377
  22188.0527  1.04783905 -0.375904471
  22189.6055  1.06787014 -0.375308573
  22191.1074  1.08034444 -0.37430191
  22192.7148  1.08395565 -0.372816116
  22194.3203  1.08008027 -0.370984554
  22195.9277  1.07168388 -0.368994862
  22197.5879  1.06122053 -0.366997331
  22199.1699  1.0510329 -0.36516273
  22200.9355  1.0426631 -0.364042103
  22202.5957  1.03793013 -0.363857687
  22204.3105  1.03655446 -0.364429981
  22205.9727  1.03845227 -0.365624845
  22207.7383  1.04294527 -0.367350131
  22209.5059  1.04749084 -0.369328529
  22211.3281  1.05053401 -0.371269047
  22213.1484  1.0510602 -0.372890651
  22214.916  1.04952896 -0.374031574
  22216.7383  1.04611313 -0.374748945
  22218.6133  1.04092312 -0.374797493
  22220.5137  1.03495014 -0.374709755
  22222.3633  1.02839971 -0.374766886
  22224.291  1.02163875 -0.375239193
  22226.2715  1.01437902 -0.375667542
  22228.2539  1.00773025 -0.376098514
  22230.1836  1.00175428 -0.376222402
  22232.166  0.997664094 -0.376160055
  22234.0957  0.995132327 -0.375924289
  22236.2383  0.994008183 -0.375338346
  22238.248  0.991967797 -0.373833001
  22240.3125  0.99062866 -0.372470915
  22242.4277  0.98824209 -0.371052623
  22244.4668  0.984743118 -0.369764894
  22246.6094  0.981028259 -0.36876291
  22248.7812  0.977980614 -0.368426263
  22250.9531  0.976573288 -0.368602723
  22253.1504  0.977507055 -0.369458765
  22255.4023  0.980558991 -0.370776832
  22257.5742  0.985786319 -0.372333199
  22259.748  0.993805766 -0.37449953
  22262.0273  1.00400031 -0.376695216
  22264.334  1.01377606 -0.378574014
  22266.6934  1.0226562 -0.380345941
  22268.9219  1.02821183 -0.38157171
  22271.2832  1.03185773 -0.382360667
  22273.6699  1.03420305 -0.382464975
  22275.9531  1.03534901 -0.381916583
  22278.3691  1.03538179 -0.380576164
  22280.8652  1.03444636 -0.379091471
  22283.2285  1.0317657 -0.377578914
  22285.6445  1.02761686 -0.376354754
  22288.0898  1.02234876 -0.375370681
  22290.5879  1.01585162 -0.374629915
  22293.1133  1.0086453 -0.37419498
  22295.6113  1.00057364 -0.373798788
  22298.1387  0.992461622 -0.373757362
  22300.7988  0.985217631 -0.373813152
  22303.3789  0.978975534 -0.373940676
  22306.0391  0.973928452 -0.373984337
  22308.6211  0.970136225 -0.374019504
  22311.2305  0.968081713 -0.374021173
  22313.8145  0.967963874 -0.37404862
  22316.5039  0.970930994 -0.374354094
  22319.2227  0.974830925 -0.375285864
  22321.9395  0.979417384 -0.376378
  22324.6328  0.982739031 -0.3774786
  22327.4316  0.985575795 -0.379026264
  22330.2051  0.987307608 -0.380571634
  22333.0059  0.989605844 -0.382270664
  22335.8359  0.99216938 -0.383734018
  22338.5566  0.994427919 -0.385069042
  22341.4141  0.996188939 -0.386091977
  22344.3516  0.996024191 -0.386347532
  22347.209  0.993781745 -0.386312634
  22350.041  0.989288568 -0.385884166
  22353.0605  0.983313918 -0.38517496
  22355.9746  0.977963567 -0.384473801
  22358.9961  0.973657906 -0.383694381
  22361.9922  0.970688641 -0.382818282
  22364.9355  0.967800558 -0.381573468
  22367.8789  0.966658294 -0.380415797
  22370.9844  0.9656654 -0.379013181
  22374.0098  0.966687739 -0.378165215
  22377.0098  0.968975127 -0.37744391
  22380.0898  0.973031223 -0.376973242
  22383.2246  0.976694822 -0.376767755
  22386.3887  0.979114413 -0.376884699
  22389.6055  0.980701983 -0.377508402
  22392.6367  0.981549323 -0.378629893
  22395.8281  0.984053969 -0.379876554
  22399.0488  0.985700727 -0.38094914
  22402.2168  0.984162629 -0.381520659
  22405.4395  0.979808807 -0.382472396
  22408.7148  0.973572731 -0.383373022
  22411.9941  0.968706787 -0.384407699
  22415.3789  0.965802193 -0.385433733
  22418.6328  0.96487546 -0.386472285
  22421.8867  0.963422716 -0.387499988
  22425.3027  0.96116358 -0.388685644
  22428.6934  0.957786143 -0.389608443
  22432.0566  0.955656886 -0.390119761
  22435.5312  0.95457387 -0.39013958
  22438.9238  0.954155922 -0.389404565
  22442.4258  0.954384863 -0.388345569
  22445.8223  0.955925941 -0.387359321
  22449.2461  0.958201766 -0.386149943
  22452.8047  0.960597754 -0.384929091
  22456.2852  0.961934686 -0.383797884
  22459.793  0.962595046 -0.382729918
  22463.4082  0.963136256 -0.381952226
  22467.0547  0.964138329 -0.381670266
  22470.7539  0.965346634 -0.381580085
  22474.2402  0.966309488 -0.381645143
  22477.8887  0.966075897 -0.382267177
  22481.5918  0.963903725 -0.383250773
  22485.2695  0.961296201 -0.384436667
  22488.9766  0.959924042 -0.385424078
  22492.6289  0.96157974 -0.385974318
  22496.4473  0.96622479 -0.386305183
  22500.1562  0.971483052 -0.38660422
  22503.8672  0.975456595 -0.386926264
  22507.7969  0.976852357 -0.387294531
  22511.5371  0.974563241 -0.387813956
  22515.416  0.968065441 -0.38840726
  22519.2402  0.959458709 -0.38935864
  22523.1211  0.951219082 -0.390399963
  22526.9492  0.945109427 -0.391273558
  22530.8047  0.940989435 -0.39149192
  22534.7715  0.940377533 -0.391525447
  22538.7109  0.942098379 -0.391285717
  22542.707  0.944906354 -0.391133159
  22546.7305  0.946512222 -0.390871435
  22550.8125  0.946917534 -0.390533328
  22554.8125  0.946908414 -0.390171617
  22558.7598  0.947486639 -0.389684916
  22562.8438  0.948095739 -0.389051914
  22566.8223  0.947638035 -0.388394684
  22570.9102  0.946905315 -0.387830496
  22575.0801  0.947120607 -0.387131929
  22579.3359  0.949380219 -0.386784285
  22583.4004  0.95290345 -0.386539489
  22587.6855  0.957380891 -0.386842728
  22591.918  0.959946334 -0.387629867
  22596.123  0.960234165 -0.388850331
  22600.332  0.959312618 -0.389907688
  22604.7051  0.95874089 -0.390748441
  22608.8887  0.95786351 -0.391057104
  22613.1562  0.95563364 -0.391484976
  22617.5898  0.951004803 -0.391946882
  22621.916  0.946033597 -0.392730534
  22626.3242  0.942715406 -0.393509537
  22630.6543  0.94174397 -0.39427039
  22635.1211  0.942895591 -0.394756764
  22639.4258  0.945464313 -0.394881845
  22643.9512  0.947687507 -0.394858748
  22648.3984  0.946847916 -0.394680709
  22652.9004  0.942323625 -0.394300878
  22657.459  0.936472178 -0.393884629
  22662.0195  0.932424724 -0.393536925
  22666.3887  0.930358887 -0.393156737
  22670.9531  0.92926985 -0.392849028
  22675.3828  0.928870201 -0.392623842
  22679.9512  0.929816246 -0.392765254
  22684.6582  0.932488263 -0.393149942
  22689.3672  0.93672502 -0.393418103
  22693.8594  0.941268265 -0.393633038
  22698.627  0.944311857 -0.393560767
  22703.1777  0.945865512 -0.393366247
  22707.9219  0.945982277 -0.393307865
  22712.7246  0.945752621 -0.393525451
  22717.4453  0.94482094 -0.393995732
  22722.1426  0.944086373 -0.394415557
  22727.0332  0.943444848 -0.394855857
  22731.7598  0.941746473 -0.39547652
  22736.6562  0.939621329 -0.39616257
  22741.5254  0.937665343 -0.396738946
  22746.3965  0.934175313 -0.397070676
  22751.1328  0.929513395 -0.397239566
  22756.0918  0.925349057 -0.397532165
  22760.9707  0.922430456 -0.397937506
  22765.8789  0.920820415 -0.398247957
  22770.8711  0.920204163 -0.398349255
  22775.7285  0.921116471 -0.398382097
  22780.8379  0.922845721 -0.398186266
  22785.8652  0.924652159 -0.397816122
  22790.8125  0.926633477 -0.39746964
  22795.8438  0.928028584 -0.397366673
  22801.0176  0.92912358 -0.397488892
  22805.9707  0.930226505 -0.397722453
  22811.0938  0.931387067 -0.398142338
  22816.2461  0.93128252 -0.398344994
  22821.3457  0.930075228 -0.398325473
  22826.6426  0.929173291 -0.398376405
  22831.6641  0.928641617 -0.398273528
  22836.9102  0.928581893 -0.398056448
  22842.0469  0.928232372 -0.397915065
  22847.3242  0.927119732 -0.398020148
  22852.6055  0.924075902 -0.398235351
  22857.9727  0.919466257 -0.398722082
  22863.1758  0.915736437 -0.39924565
  22868.4922  0.912934124 -0.399913669
  22873.6719  0.911304832 -0.400614738
  22879.1328  0.911742866 -0.401197672
  22884.625  0.913466215 -0.401633292
  22889.8945  0.91439724 -0.401969016
  22895.3086  0.914005816 -0.4021312
  22900.7246  0.913809538 -0.40241006
  22906.2832  0.914038777 -0.402487874
  22911.8164  0.914489508 -0.402349979
  22917.0156  0.915538847 -0.402181625
  22922.5547  0.915785074 -0.401941776
  22928.0391  0.91507107 -0.401857495
  22933.668  0.914117873 -0.401942492
  22939.2988  0.913612127 -0.402184844
  22944.7363  0.913996696 -0.402606189
  22950.373  0.915229261 -0.402835786
  22955.957  0.916392326 -0.403139621
  22961.627  0.916549504 -0.403348267
  22967.3008  0.915478289 -0.403511822
  22972.8066  0.914288163 -0.403695494
  22978.5996  0.911781549 -0.403878659
  22984.3086  0.908957779 -0.403936595
  22990.1641  0.90658313 -0.404111564
  22995.9375  0.90407747 -0.404269159
