# Run:  urs_016_        Sat Nov 04 06:43:08 2017                                  
# slot 2; 3K<T<5.2K  X=0.05;  detune 50% at 17300 ev                              
# Gains 2e7 1e8 1e8; slits 0.5X9 mm;  ref UO2                                     
# 4-1, 220 phi=0                                                                  
#                                                                                 
#                                                                                 
# TABLEVERT: 20.699603	TABLEHORZ: 12.526984	DETHOR: 220.000000	VERTGAP1: 0.500000	
# Region: U-L3-15.rgn      Detector: trans.det                                    
# SSRL BEAMLINE                                                                   
#                                                                                 
# TRANSMISSION; P= -1.00 REMOVED FROM     0. TO 17060. EV, ORDER=  4              
# Used Victoreen formula with U  LIII                                             
# Normalized by edge height:  0.6021                                              
# SPL:E0=17163.19; 7 FIX KNOTS FROM 17198.95-18066.50(K=15.4);P=1.00              
#   SPL KNOTS(28 max):  35.76 179.68 323.60 467.52 611.44 755.36 899.28           
# RSPK CALC from RSFIT 4.21 ; k-WINDOW= 3.00,20.00,0.2;POWER OF k= 0; r-FIT= 2.50,
# r-SPACE ENDPTS=  1.50,  6.00;SIG= 0.100;R-SHIFT= 0.000; WINDOW REMOVED=YES      
# ----------------------------------------------------
  2.97592282 -0.0284094103  0.0443648919
  3.00660253 -0.0286177173  0.0327703543
  3.03728199 -0.0279390439  0.0232355613
  3.06796169 -0.0265446194  0.0154092526
  3.0986414 -0.0246175975  0.00902334042
  3.12932086 -0.0223235358  0.00385914627
  3.16000056 -0.0197991114 -0.000267107302
  3.19068003 -0.0171511527 -0.0035108286
  3.22135973 -0.0144597972 -0.00600264035
  3.25203943 -0.0117836017 -0.00785099436
  3.2827189 -0.00916516222 -0.00914466381
  3.3133986 -0.0066360943 -0.00995531213
  3.3440783 -0.00422135834 -0.010340157
  3.37475777 -0.00194290502 -0.0103449514
  3.40543747  0.000177652721 -0.0100068813
  3.43611717  0.00211705803 -0.0093577113
  3.46679664  0.00384937995 -0.00842694007
  3.49747634  0.0053457329 -0.00724489102
  3.52815604  0.00657508057 -0.0058457423
  3.55883551  0.00750592817 -0.00427007908
  3.58951521  0.00810897257 -0.0025668256
  3.62019467  0.00836053584 -0.000794151565
  3.65087438  0.0082464274  0.000980909914
  3.68155408  0.00776581885  0.00268435339
  3.71223354  0.00693458319  0.00423861202
  3.74291325  0.00578744523  0.00556730572
  3.77359295  0.00437853811  0.00660086097
  3.80427241  0.00277999812  0.00728239492
  3.83495212  0.00107858586  0.00757312542
  3.86563182 -0.000629434711  0.0074566449
  3.89631128 -0.0022446746  0.0069414787
  3.92699099 -0.00367162703  0.00606163219
  3.95767069 -0.0048215366  0.00487083802
  3.98835015 -0.00563630415  0.00345803797
  4.01902962 -0.00606480287  0.0019088129
  4.04970932 -0.00608681468  0.000325886911
  4.08038902 -0.00570912147 -0.00118644594
  4.11106873 -0.00496489136 -0.00252936943
  4.14174843 -0.00391126936 -0.0036161358
  4.17242765 -0.00262533687 -0.00437774556
  4.20310736 -0.00119877863 -0.00476733455
  4.23378706  0.000268354779 -0.00476298109
  4.26446676  0.0016743039 -0.00436878111
  4.29514647  0.00292222574 -0.00361417164
  4.32582617  0.00392631954 -0.00255160709
  4.35650539  0.00461706473 -0.00125278835
  4.3871851  0.00494524091  0.000196204899
  4.4178648  0.00488453172  0.00170053227
  4.4485445  0.0044325809  0.00316261174
  4.47922421  0.00361055159  0.00448792754
  4.50990391  0.0024612674  0.00559054501
  4.54058313  0.00104615395  0.00639778329
  4.57126284 -0.000558743195  0.00685390783
  4.60194254 -0.00226738653  0.00692265201
  4.63262224 -0.00398864178  0.00658852141
  4.66330194 -0.00563118001  0.00585688557
  4.69398117 -0.00710806018  0.00475297542
  4.72466087 -0.00834080204  0.00331992353
  4.75534058 -0.00926274899  0.00161607016
  4.78602028 -0.00982161146 -0.000288259791
  4.81669998 -0.00998118706 -0.00231426512
  4.84737968 -0.00972224679 -0.00437828666
  4.87805891 -0.0090426458 -0.00639531109
  4.90873861 -0.00795679353 -0.0082822293
  4.93941832 -0.00649454165 -0.00996085629
  4.97009802 -0.00469969958 -0.0113603659
  5.00077772 -0.00262820488 -0.0124194976
  5.03145695 -0.000346101733 -0.0130882543
  5.06213665  0.00207260251 -0.0133292405
  5.09281635  0.00454817666 -0.0131186591
  5.12349606  0.00699742138 -0.0124469697
  5.15417576  0.00933597423 -0.0113192732
  5.18485546  0.0114806248 -0.00975542702
  5.21553469  0.0133516751 -0.00778983952
  5.24621439  0.014875303 -0.00547100417
  5.27689409  0.0159859359 -0.00286065927
  5.3075738  0.0166285764 -3.2594824E-05
  5.3382535  0.0167610515  0.00292898016
  5.36893272  0.0163560715  0.00593148917
  5.39961243  0.0154030155  0.00887648761
  5.43029213  0.0139093231  0.0116626844
  5.46097183  0.0119013945  0.0141891362
  5.49165154  0.009424855  0.0163589492
  5.52233124  0.00654411362  0.0180830453
  5.55301046  0.00334113976  0.0192839615
  5.58369017 -8.66077098E-05  0.019899508
  5.61436987 -0.00362904323  0.0198860615
  5.64504957 -0.00716708088  0.0192213207
  5.67572927 -0.0105769001  0.01790631
  5.70640898 -0.0137347355  0.0159665216
  5.7370882 -0.0165219177  0.013451986
  5.76776791 -0.0188300088  0.0104362685
  5.79844761 -0.0205656923  0.00701433327
  5.82912731 -0.0216552597  0.00329928752
  5.85980701 -0.0220483188 -0.000581822183
  5.89048624 -0.0217205808 -0.00449303212
  5.92116594 -0.0206755009 -0.00829516165
  5.95184565 -0.0189446304 -0.0118516432
  5.98252535 -0.0165866427 -0.0150345555
  6.01320505 -0.0136850271 -0.0177302621
  6.04388475 -0.0103445444 -0.019844437
  6.07456398 -0.00668658083 -0.0213062167
  6.10524368 -0.00284369802 -0.0220711827
  6.13592339  0.00104639004 -0.0221230127
  6.16660309  0.00484703109 -0.0214737412
  6.19728279  0.00842875335 -0.0201625358
  6.22796202  0.0116748568 -0.0182531308
  6.25864172  0.0144862225 -0.0158300437
  6.28932142  0.0167850237 -0.0129938228
  6.32000113  0.0185171906 -0.00985561777
  6.35068083  0.0196534377 -0.00653145183
  6.38136053  0.0201888997 -0.00313653704
  6.41203976  0.0201413985  0.000220086295
  6.44271946  0.0195485521  0.00343998871
  6.47339916  0.0184639245  0.00643897755
  6.50407887  0.0169526003  0.0091494415
  6.53475857  0.0150864599  0.0115213878
  6.56543779  0.0129395761  0.0135222329
  6.5961175  0.0105840471  0.0151353749
  6.6267972  0.00808659568  0.0163577758
  6.6574769  0.00550616486  0.017196849
  6.6881566  0.0028926183  0.0176669508
  6.71883631  0.000286654627  0.0177858658
  6.74951553 -0.00227919989  0.0175716113
  6.78019524 -0.00477862917  0.0170399044
  6.81087494 -0.00718891807  0.0162025597
  6.84155464 -0.0094879549  0.0150669403
  6.87223434 -0.0116512412  0.0136366012
  6.90291405 -0.0136493612  0.0119129661
  6.93359327 -0.0154460408  0.00989804137
  6.96427298 -0.0169973485  0.00759771513
  6.99495268 -0.0182520654  0.00502542732
  7.02563238 -0.0191533566  0.00220577419
  7.05631208 -0.0196417253 -0.000822393165
  7.08699131 -0.0196590647 -0.00400372967
  7.11767101 -0.0191535484 -0.00726539828
  7.14835072 -0.0180849768 -0.0105175329
  7.17903042 -0.0164301172 -0.0136553487
  7.20971012 -0.0141875828 -0.0165628418
  7.24038982 -0.0113817519 -0.0191179868
  7.27106905 -0.00806531496 -0.0211991183
  7.30174875 -0.00432005804 -0.0226921681
  7.33242846 -0.000255743827 -0.0234981608
  7.36310816  0.0039930623 -0.0235405266
  7.39378786  0.00827223342 -0.0227715615
  7.42446709  0.0124148112 -0.0211776104
  7.45514679  0.0162493307 -0.0187824238
  7.48582649  0.0196088869 -0.0156483632
  7.5165062  0.0223404597 -0.0118752914
  7.5471859  0.0243139118 -0.00759702595
  7.5778656  0.0254299492 -0.002975601
  7.60854483  0.0256265067  0.00180645916
  7.63922453  0.0248831082  0.00655529741
  7.66990423  0.0232227687  0.0110758524
  7.70058393  0.0207113866  0.0151821841
  7.73126364  0.0174544789  0.0187073965
  7.76194286  0.0135916322  0.0215124488
  7.79262257  0.00928881764  0.0234933253
  7.82330227  0.00472927606  0.0245860275
  7.85398197  0.000103486564  0.0247690957
  7.88466167 -0.00440120418  0.0240635425
  7.91534138 -0.00861023273  0.0225302242
  7.9460206 -0.012370606  0.0202649049
  7.97670031 -0.0155579066  0.0173913874
  8.00738049 -0.0180812012  0.0140532712
  8.03805923 -0.0198856499  0.0104049118
  8.06873894 -0.0209526438  0.00660233106
  8.09941864 -0.0212976541  0.00279462384
  8.13009834 -0.0209660549 -0.000883456727
  8.16077805 -0.0200273283 -0.00431735767
  8.19145775 -0.0185682401 -0.0074165985
  8.22213745 -0.0166855156 -0.0101165771
  8.25281715 -0.0144787198 -0.0123782596
  8.28349686 -0.0120438188 -0.0141860433
  8.31417656 -0.00946796127 -0.015544015
  8.34485626 -0.00682585407 -0.0164711531
  8.37553501 -0.00417777803 -0.016996013
  8.40621471 -0.00156957551 -0.0171513651
  8.43689442  0.000965896819 -0.0169694573
  8.46757412  0.00340589765 -0.0164782573
  8.49825382  0.0057339929 -0.0156990699
  8.52893353  0.00793586764 -0.0146457013
  8.55961323  0.00999519322 -0.0133252423
  8.59029293  0.0118901553 -0.0117402794
  8.62097263  0.0135910036 -0.00989230722
  8.65165234  0.015059066 -0.00778587628
  8.68233204  0.0162472911 -0.00543302158
  8.71301079  0.0171024539 -0.00285739871
  8.74369049  0.0175688025 -9.76324154E-05
  8.77437019  0.0175929014  0.00279062381
  8.8050499  0.017129194  0.00573420944
  8.8357296  0.01614579  0.0086437976
  8.8664093  0.0146298036  0.0114171542
  8.897089  0.0125918686  0.0139439274
  8.92776871  0.0100691011  0.0161119979
  8.95844841  0.00712624379  0.0178146437
  8.98912811  0.00385473273  0.0189580712
  9.01980782  0.000369548739  0.0194686744
  9.05048656 -0.00319592655  0.0192993637
  9.08116627 -0.00669682818  0.018434383
  9.11184597 -0.00998495147  0.0168921743
  9.14252567 -0.0129176369  0.0147259207
  9.17320538 -0.0153665775  0.0120216757
  9.20388508 -0.017225977  0.00889410265
  9.23456478 -0.0184193347  0.00548012322
  9.26524448 -0.0189043432  0.00193086278
  9.29592419 -0.0186754502 -0.00159744546
  9.32660389 -0.0177639015 -0.00495294342
  9.35728359 -0.0162351634 -0.00799738895
  9.38796234 -0.0141840577 -0.0106141493
  9.41864204 -0.0117278695 -0.0127147259
  9.44932175 -0.00899800472 -0.0142430235
  9.48000145 -0.00613094959 -0.0151771558
  9.51068115 -0.00325913588 -0.0155287143
  9.54136086 -0.000502560113 -0.015339545
  9.57204056  0.0020382579 -0.0146764182
  9.60272026  0.004287377 -0.013624059
  9.63339996  0.00619630562 -0.0122771543
  9.66407967  0.00774437794 -0.0107321227
  9.69475937  0.00893676095 -0.00907927006
  9.72543812  0.00980030838 -0.00739611592
  9.75611782  0.0103777498 -0.00574236969
  9.78679752  0.0107207783 -0.00415703468
  9.81747723  0.010882738 -0.00265781279
  9.84815693  0.0109116472 -0.00124278583
  9.87883663  0.0108442297  0.000105765925
  9.90951633  0.0107015297  0.00141594477
  9.94019604  0.0104865683  0.00271970616
  9.97087574  0.0101842443  0.00404591812
  10.0015554  0.00976353977  0.00541377347
  10.0322351  0.00918180123  0.00682719564
  10.0629139  0.00839068368  0.00827089138
  10.0935936  0.0073432317  0.0097084837
  10.1242733  0.00600132858  0.0110830273
  10.154953  0.00434284285  0.0123199169
  10.1856327  0.002367676  0.0133320224
  10.2163124  0.000102105107  0.0140266698
  10.2469921 -0.00239914516  0.0143138627
  10.2776718 -0.00505337212  0.0141150486
  10.3083515 -0.0077530141  0.013371625
  10.3390312 -0.0103713628  0.0120523851
  10.3697109 -0.0127702663  0.0101592503
  10.4003906 -0.0148095582  0.00773059344
  10.4310694 -0.0163572468  0.00484181242
  10.4617491 -0.0172997247  0.00160300196
  10.4924288 -0.0175511744 -0.00184630475
  10.5231085 -0.0170612857 -0.00534487655
  10.5537882 -0.0158206914 -0.00871958956
  10.5844679 -0.0138635542 -0.0117964763
  10.6151476 -0.0112670399 -0.0144123035
  10.6458273 -0.00814764109 -0.016425645
  10.676507 -0.00465456536 -0.0177266952
  10.7071867 -0.000960682577 -0.0182449818
  10.7378664  0.00274838554 -0.0179543942
  10.7685452  0.00628612284 -0.0168751217
  10.7992249  0.00947707333 -0.0150723215
  10.8299046  0.0121680973 -0.012651572
  10.8605843  0.0142377662 -0.00975164492
  10.891264  0.0156036261 -0.00653490843
  10.9219437  0.0162264854 -0.00317628635
  10.9526234  0.0161115695  0.000148421343
  10.9833031  0.0153065119  0.00327400141
  11.0139828  0.0138963666  0.00605613273
  11.0446625  0.011996136  0.00837985147
  11.0753422  0.00974142831  0.0101655116
  11.1060209  0.00727802981  0.0113719432
  11.1367006  0.00475126179  0.0119965691
  11.1673803  0.0022959339  0.0120726386
  11.19806  2.77025756E-05  0.0116639119
  11.2287397 -0.00196358305  0.010857312
  11.2594194 -0.00361803197  0.00975423865
  11.2900991 -0.00490718009  0.00846133009
  11.3207788 -0.0058328053  0.00708142295
  11.3514585 -0.00642319815  0.00570558105
  11.3821383 -0.00672751293  0.00440667709
  11.412818 -0.00680864416  0.00323511031
  11.4434967 -0.00673539657  0.00221691793
  11.4741764 -0.00657468336  0.00135431113
  11.5048561 -0.00638445187  0.000628506532
  11.5355358 -0.00620798022  4.46718423E-06
  11.5662155 -0.00607002061 -0.000562950037
  11.5968952 -0.00597509835 -0.00112210377
  11.6275749 -0.00590805477 -0.00171760272
  11.6582546 -0.00583672477 -0.00238395855
  11.6889343 -0.00571645517 -0.00314046117
  11.719614 -0.00549594685 -0.00398776727
  11.7502937 -0.00512389792 -0.00490652071
  11.7809725 -0.00455571292 -0.0058581084
  11.8116522 -0.0037596703 -0.00678751944
  11.8423319 -0.00272195577 -0.00762796775
  11.8730116 -0.00145001535 -0.0083069196
  11.9036913  2.60570268E-05 -0.00875290204
  11.934371  0.00165426196 -0.00890249386
  11.9650507  0.00336354994 -0.00870683417
  11.9957304  0.00506851403 -0.00813706126
  12.0264101  0.00667555444 -0.00718814274
  12.0570898  0.00808994658 -0.00588078331
  12.0877695  0.00922325347 -0.00426115794
  12.1184483  0.0100003676 -0.0023985391
  12.149128  0.0103656268 -0.000380944606
  12.1798077  0.0102874609  0.00169078028
  12.2104874  0.00976116396  0.00370999961
  12.2411671  0.0088095637  0.00557181099
  12.2718468  0.00748154987  0.00718043791
  12.3025265  0.00584854698  0.00845593493
  12.3332062  0.00399935991  0.00933952164
  12.3638859  0.00203368394  0.00979729462
  12.3945656  5.49393189E-05  0.00982191414
  12.4252453 -0.00183698279  0.00943222642
  12.455924 -0.00355251273  0.00867086463
  12.4866037 -0.00501811691  0.0076001198
  12.5172834 -0.00618054438  0.00629643444
  12.5479631 -0.00700926315  0.0048440597
  12.5786428 -0.007496987  0.00332841813
  12.6093225 -0.00765827624  0.00182975165
  12.6400023 -0.00752644287  0.000417592033
  12.670682 -0.00714909146 -0.000853494566
  12.7013617 -0.0065827542 -0.00194659329
  12.7320414 -0.00588714657 -0.00284336135
  12.7627211 -0.00511956774 -0.00354319345
  12.7933998 -0.00432996778 -0.00406082254
  12.8240795 -0.00355714723 -0.00442257011
  12.8547592 -0.00282634585 -0.00466177613
  12.8854389 -0.00214843685 -0.00481380941
  12.9161186 -0.0015207493 -0.00491120201
  12.9467983 -0.000929353992 -0.00497940648
  12.977478 -0.000352565141 -0.00503356894
  13.0081577  0.000234757215 -0.00507665752
  13.0388374  0.000856547151 -0.00509910844
  13.0695171  0.00153103692 -0.00508002704
  13.1001968  0.00226687663 -0.00498980284
  13.1308765  0.00306030363 -0.00479388423
  13.1615553  0.00389366015 -0.00445732521
  13.192235  0.0047354633 -0.0039496501
  13.2229147  0.00554203987 -0.0032495358
  13.2535944  0.00626061717 -0.00234884024
  13.2842741  0.0068336199 -0.00125551119
  13.3149538  0.00720375543  4.86090948E-06
  13.3456335  0.00731949648  0.00138915959
  13.3763132  0.007140378  0.00283851731
  13.4069929  0.0066416706  0.00428164098
  13.4376726  0.00581794279  0.00563949486
  13.4683523  0.00468517141  0.00683091395
  13.4990311  0.00328114606  0.00777872046
  13.5297108  0.00166411232  0.00841581821
  13.5603905 -9.03367472E-05  0.00869075023
  13.5910702 -0.00189384539  0.0085722236
  13.6217499 -0.00365106668  0.00805221498
  13.6524296 -0.00526611228  0.00714737456
  13.6831093 -0.00664923526  0.00589856878
  13.713789 -0.00772315357  0.00436859345
  13.7444687 -0.00842853449  0.0026382152
  13.7751484 -0.00872819405  0.000800802605
  13.8058281 -0.00860968232 -0.00104391249
  13.8365068 -0.00808604062 -0.00279662223
  13.8671865 -0.00719470065 -0.00436512334
  13.8978662 -0.00599459885 -0.00567040686
  13.928546 -0.00456176838 -0.00665172283
  13.9592257 -0.00298377615 -0.00727019133
  13.9899054 -0.00135342102 -0.00751073984
  14.0205851  0.000237735512 -0.00738224527
  14.0512648  0.00170558691 -0.00691590691
  14.0819445  0.00297888718 -0.00616203807
  14.1126242  0.00400350662 -0.00518555008
  14.1433039  0.00474520447 -0.00406056736
  14.1739826  0.00519078691 -0.00286457967
  14.2046623  0.00534758251 -0.00167265988
  14.235342  0.00524138333 -0.000552176498
  14.2660217  0.00491305208  0.000441609358
  14.2967014  0.00441415934  0.0012686589
  14.3273811  0.00380203361  0.00190591638
  14.3580608  0.00313466298  0.00234754127
  14.3887405  0.0024659019  0.00260369433
  14.4194202  0.00184134359  0.00269807014
  14.4500999  0.00129520323  0.00266441866
  14.4807796  0.000848405587  0.00254244357
  14.5114584  0.000508010387  0.002373436
  14.5421381  0.000267929892  0.00219606212
  14.5728178  0.000110841014  0.0020426691
  14.6034975  1.10302481E-05  0.00193640753
  14.6341772 -6.20876381E-05  0.00188941392
  14.6648569 -0.000140170625  0.00190215872
  14.6955366 -0.000252204802  0.00196398282
  14.7262163 -0.00042116773  0.00205472508
  14.756896 -0.000661398226  0.0021472543
  14.7875757 -0.000976894982  0.00221064291
  14.8182554 -0.00136067858  0.00221366808
  14.8489342 -0.00179524871  0.00212829839
  14.8796139 -0.00225406885  0.00193286489
  14.9102936 -0.00270393514  0.00161460147
  14.9409733 -0.00310797663  0.00117135525
  14.971653 -0.00342902238  0.000612306641
  15.0023327 -0.00363301905 -4.2331154E-05
  15.0330124 -0.00369219529 -0.000762625539
  15.0636921 -0.00358769903 -0.00151108799
  15.0943718 -0.00331146736 -0.00224551349
  15.1250515 -0.00286721322 -0.00292222016
  15.1557312 -0.00227040891 -0.00349943247
  15.18641 -0.00154732598 -0.00394049147
  15.2170897 -0.000733203604 -0.00421663886
  15.2477694  0.000130288754 -0.00430915784
  15.2784491  0.000998031348 -0.00421068491
  15.3091288  0.0018246728 -0.00392563082
  15.3398085  0.00256779278 -0.00346968509
  15.3704882  0.00319073815 -0.00286848308
  15.4011679  0.00366495224 -0.002155544
  15.4318476  0.00397159066 -0.00136972358
  15.4625273  0.00410234043 -0.000552349142
  15.493207  0.00405941391  0.000255662075
  15.5238867  0.00385474437  0.00101652101
  15.5545654  0.00350850704  0.00169785938
  15.5852451  0.00304709957  0.00227446458
  15.6159248  0.00250081951  0.00272932788
  15.6466045  0.00190139934  0.00305398274
  15.6772842  0.00127967715  0.00324812159
  15.7079639  0.00066354213  0.00331859989
  15.7386436  7.6342425E-05  0.00327795628
  15.7693233 -0.000464131474  0.0031425918
  15.8000031 -0.000946064887  0.00293084444
  15.8306828 -0.0013634233  0.00266110944
  15.8613625 -0.00171521341  0.00235020882
  15.8920412 -0.00200433074  0.00201214058
  15.9227209 -0.00223612343  0.001657316
  15.9534006 -0.00241686008  0.00129232509
  15.9840803 -0.00255226204  0.000920240534
  16.014761 -0.00264628348  0.000541368674
  16.0454388 -0.00270025036  0.000154370355
  16.0761185 -0.00271245814 -0.000242406168
  16.1067982 -0.00267828233 -0.000649540103
  16.1374779 -0.00259076641 -0.00106527202
  16.1681576 -0.00244164793 -0.00148450793
  16.1988373 -0.00222270517 -0.00189821515
  16.229517 -0.00192726287 -0.00229331781
  16.2601967 -0.00155173917 -0.00265310495
  16.2908764 -0.00109700439 -0.00295816339
  16.3215561 -0.000569434429 -0.0031877486
  16.3522358  1.84813125E-05 -0.00332149374
  16.3829155  0.000648096728 -0.00334129948
  16.4135952  0.00129513594 -0.0032332358
  16.4442749  0.00193081191 -0.00298926607
  16.4749546  0.00252344855 -0.00260863802
  16.5056343  0.00304051768 -0.00209876965
  16.536314  0.00345091266 -0.00147554372
  16.5669937  0.00372728356 -0.000762933749
  16.5976734  0.00384824001  8.02267823E-06
  16.6283531  0.00380023825  0.000800877693
  16.6590328  0.00357896625  0.00157591759
  16.6897125  0.00319011975  0.00229265937
  16.7203903  0.00264944229  0.00291252229
  16.75107  0.00198207819  0.00340142893
  16.7817497  0.00122118159  0.00373219186
  16.8124294  0.000405934668  0.00388644892
  16.8431091 -0.0004208959  0.00385600142
  16.8737888 -0.00121571496  0.00364345801
  16.9044685 -0.00193691382  0.00326211727
  16.9351482 -0.00254757446  0.00273509137
  16.9658279 -0.00301781786  0.00209374237
  16.9965076 -0.00332667259  0.00137554947
  17.0271873 -0.00346327294  0.000621564803
  17.0578671 -0.00342734065 -0.000126344879
  17.0885468 -0.00322890212 -0.000828245829
  17.1192265 -0.00288729137 -0.00144870603
  17.1499062 -0.00242951838 -0.00195894949
  17.1805859 -0.0018881514 -0.00233847415
  17.2112656 -0.0012988518 -0.0025760259
  17.2419453 -0.000697840063 -0.00266984571
  17.272625 -0.000119389784 -0.00262724049
  17.3033047  0.000406395353 -0.00246350328
  17.3339844  0.000855369668 -0.00220029964
  17.3646641  0.00121061294 -0.00186368253
  17.3953438  0.0014630506 -0.0014818887
  17.4260216  0.00161146361 -0.00108311966
  17.4567013  0.00166187075 -0.00069346861
  17.487381  0.00162641215 -0.000335160352
  17.5180607  0.00152182032 -2.52279806E-05
  17.5487404  0.0013676387  0.000225299082
  17.5794201  0.00118435151  0.000411645276
  17.6100998  0.000991590205  0.000535014202
  17.6407795  0.000806549739  0.000601819425
  17.6714592  0.000642750063  0.000622545602
  17.7021389  0.00050920021  0.000610328221
  17.7328186  0.000410061562  0.000579436484
  17.7634983  0.000344746368  0.000543754373
  17.794178  0.000308453862  0.000515426218
  17.8248577  0.000293056335  0.000503751449
  17.8555374  0.000288231822  0.000514436164
  17.8862171  0.000282737077  0.000549222284
  17.9168968  0.000265676819  0.000605920097
  17.9475765  0.000227687808  0.000678805111
  17.9782562  0.000161901145  0.000759339076
  18.0089359  6.46397166E-05  0.000837117201
  18.0396156 -6.42207087E-05  0.000900945393
  18.0702953 -0.000221211129  0.000939960941
  18.1009731 -0.000399573619  0.000944679428
  18.1316528 -0.000589834352  0.000907889102
  18.1623325 -0.000780594943  0.00082532817
  18.1930122 -0.000959460973  0.000696092029
  18.2236919 -0.00111403503  0.000522757589
  18.2543716 -0.00123287528  0.000311230717
  18.2850513 -0.0013063529  7.03360711E-05
  18.315731 -0.00132735178 -0.000188783524
  18.3464108 -0.00129175954 -0.000453438901
  18.3770905 -0.00119874044 -0.000710220134
  18.4077702 -0.00105076819 -0.000945864245
  18.4384499 -0.000853448641 -0.0011480567
  18.4691296 -0.00061514671 -0.00130615733
  18.4998093 -0.000346470973 -0.00141178758
  18.530489 -5.96411992E-05 -0.0014592529
  18.5611687  0.000232192484 -0.00144580088
  18.5918484  0.000515663472 -0.00137170893
  18.6225281  0.000777870475 -0.0012402056
  18.6532078  0.00100700976 -0.00105725357
  18.6838875  0.00119292515 -0.000831199111
  18.7145672  0.00132755924 -0.000572340155
  18.7452469  0.00140529789 -0.000292409241
  18.7759247  0.00142319966 -4.00637964E-06
  18.8066044  0.00138109003  0.000279978412
  18.8372841  0.00128155551  0.000546970987
  18.8679638  0.0011298036  0.000785275886
  18.8986435  0.000933418691  0.000984622398
  18.9293232  0.000702006626  0.00113662845
  18.9600029  0.000446744001  0.00123521429
  18.9906826  0.000179854163  0.00127689517
  19.0213623 -8.59961947E-05  0.00126096385
  19.052042 -0.000338311685  0.00118954247
  19.0827217 -0.000566357165  0.00106926274
  19.1134014 -0.000759110437  0.000904590066
  19.1440811 -0.000908875605  0.000706030813
  19.1747608 -0.00101006101  0.000484343298
  19.2054405 -0.00105977431  0.000251091988
  19.2361202 -0.0010578949  1.7927543E-05
  19.2667999 -0.00100693479 -0.000204105279
  19.2974796 -0.000911708456 -0.000405171013
  19.3281593 -0.00077886373 -0.000577122555
  19.358839 -0.000616306032 -0.000713784713
  19.3895187 -0.000432611152 -0.000811046921
  19.4201984 -0.000236477921 -0.000866768416
  19.4508781 -3.62951287E-05 -0.000880552689
  19.4815559  0.00016015544 -0.00085341197
  19.5122356  0.000345847016 -0.000787428813
  19.5429153  0.000514500542 -0.000685408013
  19.573595  0.000660475285 -0.000550634984
  19.6042747  0.000778559654 -0.000386719534
  19.6349545  0.00086372206 -0.000197574002
  19.6656342  0.00091084931  1.24786693E-05
  19.6963139  0.000914513832  0.00023841158
  19.7269936  0.000868818082  0.000474049681
  19.7576733  0.000767381804  0.000711418863
  19.788353  0.000603531778  0.000939869613
  19.8190327  0.000370908529  0.00114498835
  19.8497124  6.45899272E-05  0.00130726316
  19.8803921 -0.000316847349  0.0014006173
  19.9110718 -0.000767980353  0.00139095425
  19.9417515 -0.00127118104  0.00123526389
