# Run:  urs_076_        Mon Nov 06 06:37:37 2017                                  
# slot 2  T=100K,  x=0.05, trans                                                  
# Gains 2e7 1e8 1e8, ref UO2                                                      
# 4-1  Phi=0                                                                      
#                                                                                 
#                                                                                 
# TABLEVERT: 20.721429	TABLEHORZ: 12.526984	DETHOR: 220.000000	VERTGAP1: 0.500000	
# Region: U-L3-15.rgn      Detector: trans.det                                    
# SSRL BEAMLINE                                                                   
#                                                                                 
# TRANSMISSION; P= -1.00 REMOVED FROM     0. TO 17060. EV, ORDER=  4              
# Used Victoreen formula with U  LIII                                             
# Normalized by edge height:  0.5996                                              
# SPL:E0=17163.33; 7 FIX KNOTS FROM 17198.12-18066.64(K=15.4);P=1.00              
#   SPL KNOTS(28 max):  34.79 178.89 322.99 467.09 611.19 755.28 899.38           
# RSPK CALC from RSFIT 4.21 ; k-WINDOW= 3.00,20.00,0.2;POWER OF k= 0; r-FIT= 2.50,
# r-SPACE ENDPTS=  1.50,  6.00;SIG= 0.100;R-SHIFT= 0.000; WINDOW REMOVED=YES      
# ----------------------------------------------------
  2.97592282 -0.0308633894  0.04433164
  3.00660253 -0.0305795614  0.0324848182
  3.03728199 -0.0294951368  0.0227756221
  3.06796169 -0.0277609695  0.0148370611
  3.0986414 -0.0255475715  0.00838784501
  3.12932086 -0.0230118986  0.00319820759
  3.16000056 -0.0202842373 -0.00092476554
  3.19068003 -0.0174663197 -0.00414385647
  3.22135973 -0.0146340411 -0.00659562461
  3.25203943 -0.0118423458 -0.00839321129
  3.2827189 -0.00913073495 -0.00962908287
  3.3133986 -0.00652815308 -0.0103778308
  3.3440783 -0.00405726023 -0.010699017
  3.37475777 -0.00173798867 -0.010640325
  3.40543747  0.00040984503 -0.0102405623
  3.43611717  0.00236464874 -0.00953290984
  3.46679664  0.00410210714 -0.0085481042
  3.49747634  0.00559497392 -0.00731756072
  3.52815604  0.006813935 -0.00587636512
  3.55883551  0.00772934733 -0.00426577032
  3.58951521  0.00831389055 -0.00253504585
  3.62019467  0.00854595099 -0.000742293836
  3.65087438  0.00841340143  0.00104601984
  3.68155408  0.00791733339  0.00275701378
  3.71223354  0.00707520964  0.00431480911
  3.74291325  0.00592282973  0.00564521551
  3.77359295  0.0045146849  0.0066812071
  3.80427241  0.00292241969  0.00736859161
  3.83495212  0.00123137038  0.00767114339
  3.86563182 -0.000464528828  0.00757456245
  3.89631128 -0.00206899317  0.00708873337
  3.92699099 -0.00349016162  0.00624800008
  3.95767069 -0.00464329123  0.00510502793
  3.98835015 -0.00547360023  0.00374705205
  4.01902962 -0.0059333262  0.00225598644
  4.04970932 -0.00600438239  0.000730075291
  4.08038902 -0.00569436979 -0.000731648179
  4.11106873 -0.00503572542 -0.00203601504
  4.14174843 -0.00408318359 -0.00310184434
  4.17242765 -0.00290975627 -0.00386512815
  4.20310736 -0.00160157052 -0.00428292807
  4.23378706 -0.000251937658 -0.00433575688
  4.26446676  0.0010448721 -0.00402831612
  4.29514647  0.00219973107 -0.00338861975
  4.32582617  0.00313421292 -0.00246562017
  4.35650539  0.0037852528 -0.00132555701
  4.3871851  0.00410864269 -4.73623513E-05
  4.4178648  0.00408119382  0.00128252921
  4.4485445  0.00370149571  0.002575672
  4.47922421  0.00298931869  0.00374681409
  4.50990391  0.00198378437  0.00471878471
  4.54058313  0.000740501622  0.00542657543
  4.57126284 -0.000672061462  0.00582050299
  4.60194254 -0.00217671832  0.00586834084
  4.63262224 -0.00369189726  0.00555636175
  4.66330194 -0.0051359199  0.00488934806
  4.69398117 -0.00643098447  0.00388967805
  4.72466087 -0.00750668999  0.00259560603
  4.75534058 -0.00830294192  0.00105895277
  4.78602028 -0.00877218321 -0.000657641387
  4.81669998 -0.00888094679 -0.00248369155
  4.84737968 -0.00861071609 -0.0043439474
  4.87805891 -0.00795818586 -0.00616139499
  4.90873861 -0.00693498366 -0.0078600971
  4.93941832 -0.0055669155 -0.00936788879
  4.97009802 -0.00389288203 -0.0106186401
  5.00077772 -0.00196346547 -0.0115543958
  5.03145695  0.000160707074 -0.0121271582
  5.06213665  0.00241079414 -0.0123003917
  5.09281635  0.00471175136 -0.0120502627
  5.12349606  0.0069844774 -0.0113665834
  5.15417576  0.00914811529 -0.0102534788
  5.18485546  0.011122454 -0.00872971769
  5.21553469  0.0128304623 -0.00682869926
  5.24621439  0.0142008662 -0.00459803594
  5.27689409  0.0151707251 -0.00209868397
  5.3075738  0.0156879593  0.000596366066
  5.3382535  0.0157137103  0.00340394117
  5.36893272  0.0152244056  0.00623299601
  5.39961243  0.0142134875  0.00898738578
  5.43029213  0.0126925735  0.0115691349
  5.46097183  0.0106920647  0.0138818268
  5.49165154  0.00826102961  0.0158343781
  5.52233124  0.00546632335  0.0173447635
  5.55301046  0.00239093788  0.0183436256
  5.58369017 -0.000868456496  0.0187776033
  5.61436987 -0.00420465972  0.0186121613
  5.64504957 -0.00750373397  0.0178337768
  5.67572927 -0.0106492648  0.0164513458
  5.70640898 -0.0135269621  0.0144966701
  5.7370882 -0.016029343  0.0120239705
  5.76776791 -0.0180603117  0.00910839718
  5.79844761 -0.0195394084  0.00584355742
  5.82912731 -0.0204055142  0.00233813445
  5.85980701 -0.0206197724 -0.00128826452
  5.89048624 -0.0201676097 -0.00490983063
  5.92116594 -0.019059686 -0.00839976408
  5.95184565 -0.017331725 -0.0116354423
  5.98252535 -0.0150431897 -0.0145036438
  6.01320505 -0.0122748539 -0.0169053152
  6.04388475 -0.00912537053 -0.0187597144
  6.07456398 -0.005706992 -0.0200077258
  6.10524368 -0.00214065867 -0.0206141453
  6.13592339  0.00144928158 -0.0205687918
  6.16660309  0.00494044833 -0.0198864546
  6.19728279  0.0082176486 -0.0186055731
  6.22796202  0.0111775948 -0.0167858489
  6.25864172  0.0137329176 -0.0145048387
  6.28932142  0.0158152357 -0.011853789
  6.32000113  0.0173771475 -0.00893293321
  6.35068083  0.0183930285 -0.00584656419
  6.38136053  0.0188586637 -0.00269819307
  6.41203976  0.0187897403  0.000414043025
  6.44271946  0.0182193648  0.00340115209
  6.47339916  0.0171948206  0.00618640473
  6.50407887  0.0157738086  0.00870736782
  6.53475857  0.0140204588  0.0109168598
  6.56543779  0.0120014148  0.0127828568
  6.5961175  0.00978229754  0.0142873963
  6.6267972  0.00742476899  0.0154246353
  6.6574769  0.0049844184  0.0161983371
  6.6881566  0.00250956602  0.0166189969
  6.71883631  4.10440553E-05  0.0167009663
  6.74951553 -0.00238710898  0.0164597984
  6.78019524 -0.00474615907  0.0159101468
  6.81087494 -0.00701064896  0.015064396
  6.84155464 -0.00915603898  0.0139321769
  6.87223434 -0.0111563485  0.0125208274
  6.90291405 -0.012982171  0.010836713
  6.93359327 -0.0145991566  0.00888740737
  6.96427298 -0.0159674659  0.00668432377
  6.99495268 -0.01704216  0.00424566865
  7.02563238 -0.0177746732  0.00159930834
  7.05631208 -0.0181153491 -0.00121478562
  7.08699131 -0.0180168711 -0.00414283248
  7.11767101 -0.0174383875 -0.00711658644
  7.14835072 -0.0163499713 -0.0100539075
  7.17903042 -0.014737078 -0.0128607396
  7.20971012 -0.0126045542 -0.0154344114
  7.24038982 -0.00997981057 -0.0176681932
  7.27106905 -0.00691481913 -0.0194568578
  7.30174875 -0.0034865716 -0.0207029097
  7.33242846  0.000204116019 -0.0213230178
  7.36310816  0.00403552223 -0.0212542545
  7.39378786  0.00786975212 -0.0204595644
  7.42446709  0.0115586938 -0.0189320892
  7.45514679  0.0149513595 -0.0166978836
  7.48582649  0.0179018043 -0.0138167599
  7.5165062  0.0202772468 -0.0103811212
  7.5471859  0.0219658595 -0.00651264703
  7.5778656  0.0228836108 -0.00235711155
  7.60854483  0.0229797047  0.00192251464
  7.63922453  0.0222402215  0.0061541847
  7.66990423  0.0206896085  0.0101657137
  7.70058393  0.0183899086  0.0137938224
  7.73126364  0.0154377529  0.016892828
  7.76194286  0.0119592752  0.019342266
  7.79262257  0.00810324121  0.0210530944
  7.82330227  0.00403291406  0.0219718982
  7.85398197 -8.28264674E-05  0.0220829509
  7.88466167 -0.00407862337  0.0214079656
  7.91534138 -0.00780111784  0.0200036149
  7.9460206 -0.0111166062  0.0179570075
  7.97670031 -0.0139171071  0.0153795052
  8.00738049 -0.0161245428  0.0123993633
  8.03805923 -0.0176928826  0.00915370043
  8.06873894 -0.0186080951  0.0057804645
  8.09941864 -0.0188860931  0.00241088495
  8.13009834 -0.0185689051 -0.000836993393
  8.16077805 -0.017719442 -0.00386337703
  8.19145775 -0.0164153818 -0.00659000967
  8.22213745 -0.0147426855 -0.00896161236
  8.25281715 -0.0127892923 -0.0109454757
  8.28349686 -0.0106394906 -0.0125294095
  8.31417656 -0.00836938526 -0.0137183368
  8.34485626 -0.00604380714 -0.0145299649
  8.37553501 -0.00371468673 -0.0149900252
  8.40621471 -0.00142119033 -0.0151275434
  8.43689442  0.000808877754 -0.0149706714
  8.46757412  0.00295641553 -0.0145434448
  8.49825382  0.00500757946 -0.0138637694
  8.52893353  0.00695002545 -0.0129428096
  8.55961323  0.00876925606 -0.0117858015
  8.59029293  0.0104455734 -0.0103941346
  8.62097263  0.0119519979 -0.00876847841
  8.65165234  0.0132534821 -0.00691252341
  8.68233204  0.0143075231 -0.00483693741
  8.71301079  0.0150662372 -0.00256301835
  8.74369049  0.0154797165 -0.000125619088
  8.77437019  0.0155004114  0.00242512324
  8.8050499  0.0150881223  0.00502348319
  8.8357296  0.0142151443  0.00758946547
  8.8664093  0.012870986  0.0100318342
  8.897089  0.0110662905  0.0122524919
  8.92776871  0.00883535389  0.0141522018
  8.95844841  0.00623698393  0.0156370066
  8.98912811  0.00335352076  0.0166249275
  9.01980782  0.0002878714  0.0170523524
  9.05048656 -0.00284120417  0.0168795511
  9.08116627 -0.0059053502  0.0160948262
  9.11184597 -0.00877392385  0.014716859
  9.14252567 -0.0113218799  0.0127949985
  9.17320538 -0.0134375663  0.0104073966
  9.20388508 -0.015029843  0.00765702827
  9.23456478 -0.0160339512  0.00466591073
  9.26524448 -0.0164156593  0.00156784034
  9.29592419 -0.0161732938 -0.00149972364
  9.32660389 -0.0153375417 -0.0044040517
  9.35728359 -0.0139689324 -0.00702525256
  9.38796234 -0.012153334 -0.0092632072
  9.41864204 -0.00999566726 -0.0110431565
  9.44932175 -0.00761244353 -0.012319237
  9.48000145 -0.00512371771 -0.0130758341
  9.51068115 -0.0026450539 -0.013326671
  9.54136086 -0.00028022367 -0.0131117338
  9.57204056  0.00188485195 -0.0124923605
  9.60272026  0.00378639717 -0.0115449568
  9.63339996  0.00538507756 -0.0103538679
  9.66407967  0.00666608801 -0.00900410302
  9.69475937  0.00763716875 -0.00757450517
  9.72543812  0.00832475722 -0.0061319815
  9.75611782  0.00876872614 -0.00472726021
  9.78679752  0.00901621953 -0.00339254341
  9.81747723  0.00911521353 -0.00214118627
  9.84815693  0.00910842605 -0.000969375542
  9.87883663  0.00902818795  0.00014035769
  9.90951633  0.00889274757  0.00121427304
  9.94019604  0.00870438013  0.00228164415
  9.97087574  0.00844949204  0.0033686934
  10.0015554  0.00810069405  0.00449290266
  10.0322351  0.00762067083  0.00565825216
  10.0629139  0.0069674328  0.00685194321
  10.0935936  0.00610049395  0.00804295018
  10.1242733  0.00498728734  0.00918265805
  10.154953  0.00360924494  0.0102075366
  10.1856327  0.00196686317  0.0110437172
  10.2163124  8.32349251E-05  0.0116130831
  10.2469921 -0.00199440448  0.0118403602
  10.2776718 -0.0041953274  0.0116605656
  10.3083515 -0.00642821705  0.0110261794
  10.3390312 -0.00858624931  0.00991326477
  10.3697109 -0.0105537977  0.00832609925
  10.4003906 -0.01221452  0.00629966473
  10.4310694 -0.013459974  0.00389979803
  10.4617491 -0.0141981421  0.00122085901
  10.4924288 -0.0143611403 -0.00161902199
  10.5231085 -0.0139114223 -0.00448473822
  10.5537882 -0.0128459465 -0.00723262411
  10.5844679 -0.0111979013 -0.00971980859
  10.6151476 -0.00903579965 -0.0118138492
  10.6458273 -0.00645993836 -0.0134018194
  10.676507 -0.00359648699 -0.0143981799
  10.7071867 -0.000589618692 -0.0147507936
  10.7378664  0.00240776385 -0.0144445961
  10.7685452  0.00524393562 -0.0135026462
  10.7992249  0.00777816912 -0.0119844498
  10.8299046  0.00988978706 -0.00998167135
  10.8605843  0.0114855515 -0.00761169195
  10.891264  0.0125051355 -0.0050093527
  10.9219437  0.0129240584 -0.00231766282
  10.9526234  0.0127540017  0.000321833359
  10.9833031  0.0120405331  0.00277832523
  11.0139828  0.0108584473  0.00493987044
  11.0446625  0.00930516049  0.00671986025
  11.0753422  0.00749277277  0.00806132052
  11.1060209  0.00553938141  0.00893883035
  11.1367006  0.00356043573  0.00935794972
  11.1673803  0.00166077248  0.00935233478
  11.19806 -7.20276003E-05  0.00897885114
  11.2287397 -0.00157251453  0.00831118505
  11.2594194 -0.0028001219  0.00743253389
  11.2900991 -0.0037396769  0.00642805221
  11.3207788 -0.0043997881  0.00537764514
  11.3514585 -0.00480922451  0.00434983568
  11.3821383 -0.00501187332  0.00339703076
  11.412818 -0.00506066391  0.00255265064
  11.4434967 -0.00501110032  0.00183024036
  11.4741764 -0.00491502695  0.00122456392
  11.5048561 -0.0048151724  0.000714489608
  11.5355358 -0.00474095671  0.000267310796
  11.5662155 -0.00470592408 -0.000155943257
  11.5968952 -0.00470698811 -0.000594787765
  11.6275749 -0.00472550094 -0.00108368718
  11.6582546 -0.00473000761 -0.00164715282
  11.6889343 -0.00468037277 -0.00229599327
  11.719614 -0.00453285966 -0.00302507658
  11.7502937 -0.0042456435 -0.00381280412
  11.7809725 -0.00378422788 -0.00462233787
  11.8116522 -0.00312620215 -0.00540447701
  11.8423319 -0.00226494414 -0.00610187463
  11.8730116 -0.0012118239 -0.00665423786
  11.9036913  3.25373094E-06 -0.00700400164
  11.934371  0.00133304973 -0.00710194884
  11.9650507  0.00271586305 -0.00691227382
  11.9957304  0.0040797987 -0.00641658902
  12.0264101  0.00534808077 -0.00561654009
  12.0570898  0.00644494081 -0.00453475304
  12.0877695  0.00730157876 -0.00321402471
  12.1184483  0.00786166266 -0.00171481899
  12.149128  0.00808589533 -0.000111274807
  12.1798077  0.00795527175  0.001513934
  12.2104874  0.00747272838  0.00307547161
  12.2411671  0.00666307425  0.0044914186
  12.2718468  0.00557120563  0.00568906777
  12.3025265  0.00425874814  0.00660998374
  12.3332062  0.00279950746  0.00721382583
  12.3638859  0.00127400295  0.00748076988
  12.3945656 -0.000236359847  0.00741224922
  12.4252453 -0.00165500923  0.00703004468
  12.455924 -0.00291537936  0.00637381896
  12.4866037 -0.00396507513  0.00549736712
  12.5172834 -0.00476875436  0.00446390081
  12.5479631 -0.00530950213  0.00334085058
  12.5786428 -0.00558866421  0.00219457713
  12.6093225 -0.00562418904  0.00108550757
  12.6400023 -0.00544771226  6.40544749E-05
  12.670682 -0.00510066701 -0.000832327991
  12.7013617 -0.00462982943 -0.00158077781
  12.7320414 -0.00408272445 -0.00217323028
  12.7627211 -0.00350329978 -0.00261526322
  12.7933998 -0.00292826584 -0.0029237608
  12.8240795 -0.00238444353 -0.00312362961
  12.8547592 -0.00188727083 -0.00324398885
  12.8854389 -0.00144061015 -0.00331416889
  12.9161186 -0.00103781314 -0.0033599569
  12.9467983 -0.000663883635 -0.0034004394
  12.977478 -0.000298497442 -0.00344575965
  13.0081577  8.0460406E-05 -0.00349597842
  13.0388374  0.00049320847 -0.00354116177
  13.0695171  0.000954628573 -0.00356264785
  13.1001968  0.00147141481 -0.00353537407
  13.1308765  0.00204012194 -0.00343100866
  13.1615553  0.00264631491 -0.00322158146
  13.192235  0.00326492358 -0.00288324244
  13.2229147  0.00386178936 -0.00239976565
  13.2535944  0.00439626584 -0.00176545
  13.2842741  0.00482466538 -0.000987091917
  13.3149538  0.00510420185 -8.48703348E-05
  13.3456335  0.00519711012  0.000908049697
  13.3763132  0.00507452944  0.00194713939
  13.4069929  0.00471979752  0.00297924737
  13.4376726  0.00413083844  0.00394627079
  13.4683523  0.00332141109  0.00478941854
  13.4990311  0.0023210668  0.00545372767
  13.5297108  0.00117381534  0.00589244673
  13.5603905 -6.44484244E-05  0.00607090397
  13.5910702 -0.00132952724  0.00596952578
  13.6217499 -0.002553256  0.00558575522
  13.6524296 -0.00366822281  0.00493467553
  13.6831093 -0.00461251568  0.00404830556
  13.713789 -0.00533409743  0.00297358842
  13.7444687 -0.00579444878  0.00176926993
  13.7751484 -0.00597122964  0.000501842413
  13.8058281 -0.00585969631 -0.000758990471
  13.8365068 -0.00547283702 -0.00194512308
  13.8671865 -0.00484016957 -0.00299463584
  13.8978662 -0.00400536926 -0.00385585031
  13.928546 -0.00302288798 -0.00449055247
  13.9592257 -0.00195388147 -0.00487612654
  13.9899054 -0.000861766457 -0.00500647724
  14.0205851  0.000192230451 -0.00489169871
  14.0512648  0.00115318852 -0.00455655437
  14.0819445  0.0019759587 -0.0040379269
  14.1126242  0.00262772781 -0.0033814772
  14.1433039  0.00308951456 -0.00263781869
  14.1739826  0.00335653313 -0.00185850949
  14.2046623  0.00343743269 -0.00109221961
  14.235342  0.00335253542 -0.000381357648
  14.2660217  0.00313125877  0.000240605674
  14.2967014  0.00280899019  0.000750868174
  14.3273811  0.00242368691  0.0011380834
  14.3580608  0.0020125038  0.0014021087
  14.3887405  0.00160874962  0.00155283045
  14.4194202  0.00123938057  0.00160821551
  14.4500999  0.000923265005  0.00159178011
  14.4807796  0.000670283567  0.00152976043
  14.5114584  0.000481334224  0.00144822919
  14.5421381  0.000349171431  0.00137042766
  14.5728178  0.000259975437  0.00131454703
  14.6034975  0.000195457382  0.00129213324
  14.6341772  0.000135300259  0.00130724034
  14.6648569  5.96747959E-05  0.00135637284
  14.6955366 -4.83964031E-05  0.00142919412
  14.7262163 -0.000201045448  0.00150990207
  14.756896 -0.000404111983  0.00157912401
  14.7875757 -0.000656359247  0.0016161371
  14.8182554 -0.000949413981  0.001601191
  14.8489342 -0.00126841269  0.00151771703
  14.8796139 -0.00159327686  0.00135422696
  14.9102936 -0.00190050097  0.00110572076
  14.9409733 -0.00216526329  0.000774488086
  14.971653 -0.00236367481  0.000370244961
  15.0023327 -0.00247495319 -9.04011758E-05
  15.0330124 -0.00248334254 -0.00058511016
  15.0636921 -0.00237960019 -0.00108745787
  15.0943718 -0.00216193241 -0.00156894594
  15.1250515 -0.0018363148 -0.00200118287
  15.1557312 -0.00141616887 -0.00235805195
  15.18641 -0.000921441591 -0.00261768047
  15.2170897 -0.000377179298 -0.00276405527
  15.2477694  0.000188292601 -0.00278815185
  15.2784491  0.000745379657 -0.00268850336
  15.3091288  0.00126531068 -0.00247117714
  15.3398085  0.00172209006 -0.00214918051
  15.3704882  0.00209417613 -0.00174136786
  15.4011679  0.00236577075 -0.00127093797
  15.4318476  0.00252761226 -0.000763693417
  15.4625273  0.00257724524 -0.000246174488
  15.493207  0.00251877098  0.000256140658
  15.5238867  0.00236212229  0.000720460841
  15.5545654  0.00212194887  0.00112798333
  15.5852451  0.00181623385  0.00146480277
  15.6159248  0.00146476517  0.00172237284
  15.6466045  0.00108760106  0.00189751328
  15.6772842  0.000703665428  0.00199199677
  15.7079639  0.000329568982  0.00201177853
  15.7386436 -2.12459199E-05  0.00196597609
  15.7693233 -0.00033899321  0.0018656844
  15.8000031 -0.000617656857  0.0017227846
  15.8306828 -0.000854741433  0.00154881692
  15.8613625 -0.00105071755  0.00135405513
  15.8920412 -0.00120825192  0.00114682363
  15.9227209 -0.00133130641  0.000933137431
  15.9534006 -0.00142420793  0.000716646435
  15.9840803 -0.00149080576  0.000498893904
  16.014761 -0.00153378898  0.000279818894
  16.0454388 -0.00155424036  5.8445974E-05
  16.0761185 -0.00155145989 -0.000166327532
  16.1067982 -0.00152308168 -0.000394946983
  16.1374779 -0.00146545563 -0.000626508438
  16.1681576 -0.00137425482 -0.000858236279
  16.1988373 -0.00124523847 -0.00108519918
  16.229517 -0.00107508129 -0.00130029942
  16.2601967 -0.000862197892 -0.00149454817
  16.2908764 -0.000607441296 -0.0016576082
  16.3215561 -0.000314623321 -0.00177855918
  16.3522358  9.21902119E-06 -0.00184682093
  16.3829155  0.000353860465 -0.00185314589
  16.4135952  0.000706215505 -0.00179059862
  16.4442749  0.00105097191 -0.00165541552
  16.4749546  0.00137146341 -0.00144767878
  16.5056343  0.00165074051 -0.00117171789
  16.536314  0.00187273533 -0.000836198975
  16.5669937  0.00202343962 -0.000453886139
  16.5976734  0.00209199591 -4.10725333E-05
  16.6283531  0.00207161158  0.000383286882
  16.6590328  0.00196021958  0.000798672612
  16.6897125  0.00176082109  0.0011842557
  16.7203903  0.00148147857  0.00152022345
  16.75107  0.00113496452  0.00178905961
  16.7817497  0.000738061324  0.00197670492
  16.8124294  0.000310579606  0.00207350077
  16.8431091 -0.000125836115  0.00207483373
  16.8737888 -0.000549052784  0.00198145444
  16.9044685 -0.000937810051  0.00179943279
  16.9351482 -0.00127303647  0.00153974793
  16.9658279 -0.00153899833  0.00121756492
  16.9965076 -0.0017242278  0.000851230521
  17.0271873 -0.00182213844  0.000461074203
  17.0578671 -0.00183131511  6.80970261E-05
  17.0885468 -0.00175544061 -0.000307343173
  17.1192265 -0.00160289661 -0.000646790664
  17.1499062 -0.00138604932 -0.000934759504
  17.1805859 -0.00112030352 -0.00115958368
  17.2112656 -0.000822968199 -0.001313966
  17.2419453 -0.000512069033 -0.00139521202
  17.272625 -0.00020513848 -0.00140513619
  17.3033047  8.18866611E-05 -0.00134966697
  17.3339844  0.000335603021 -0.00123817823
  17.3646641  0.000545852119 -0.00108262536
  17.3953438  0.000706156541 -0.000896542391
  17.4260216  0.000813866209 -0.000693991489
  17.4567013  0.000870016927 -0.000488535501
  17.487381  0.000878932828 -0.00029232353
  17.5180607  0.000847602845 -0.000115337854
  17.5487404  0.000784902193  3.51358685E-05
  17.5794201  0.000700722798  0.000154795111
  17.6100998  0.000605092326  0.000242352617
  17.6407795  0.000507342338  0.000299319043
  17.6714592  0.000415398885  0.000329577859
  17.7021389  0.00033523055  0.000338788173
  17.7328186  0.000270526885  0.000333687058
  17.7634983  0.000222573217  0.00032133807
  17.794178  0.000190358871  0.000308407849
  17.8248577  0.000170883053  0.00030051489
  17.8555374  0.000159623029  0.000301722466
  17.8862171  0.000151125671  0.000314194564
  17.9168968  0.00013965019  0.000338045385
  17.9475765  0.0001198276  0.00037138848
  17.9782562  8.7246146E-05  0.000410578214
  18.0089359  3.89482193E-05  0.000450607447
  18.0396156 -2.62264366E-05  0.000485626311
  18.0702953 -0.000107460561  0.000509536127
  18.1009731 -0.000201977877  0.000516603235
  18.1316528 -0.000305223803  0.000502039737
  18.1623325 -0.000411214511  0.000462499767
  18.1930122 -0.000513008854  0.000396456977
  18.2236919 -0.000603273686  0.000304423127
  18.2543716 -0.000674880866  0.000189000668
  18.2850513 -0.0007214988  5.47642194E-05
  18.315731 -0.00073811959 -9.20193561E-05
  18.3464108 -0.000721491524 -0.000243813192
  18.3770905 -0.00067041791 -0.000392324204
  18.4077702 -0.00058589672 -0.000529085344
  18.4384499 -0.000471104722 -0.000646047352
  18.4691296 -0.000331212708 -0.000736145885
  18.4998093 -0.000173061533 -0.000793793297
  18.530489 -4.72063948E-06 -0.000815264008
  18.5611687  0.000165028585 -0.000798945082
  18.5918484  0.000327274785 -0.000745441532
  18.6225281  0.000473535358 -0.000657525379
  18.6532078  0.000596292084 -0.0005399441
  18.6838875  0.000689442444 -0.000399091776
  18.7145672  0.000748656981 -0.000242594077
  18.7452469  0.00077160215 -7.88114703E-05
  18.7759247  0.000758035982  8.36904146E-05
  18.8066044  0.000709754881  0.000236653766
  18.8372841  0.000630427443  0.000372622395
  18.8679638  0.00052530237  0.000485350814
  18.8986435  0.000400838646  0.000570128439
  18.9293232  0.000264267641  0.000623985543
  18.9600029  0.000123139587  0.000645794498
  18.9906826 -1.51421245E-05  0.000636237033
  19.0213623 -0.000143739788  0.000597674283
  19.052042 -0.000256746513  0.000533908256
  19.0827217 -0.000350061891  0.000450629275
  19.1134014 -0.000419807096  0.000352262257
  19.1440811 -0.000464570971  0.000245374918
  19.1747608 -0.000484180462  0.000135949624
  19.2054405 -0.000479844573  2.95651153E-05
  19.2361202 -0.000453937304 -6.89141889E-05
  19.2667999 -0.000409722619 -0.000155568428
  19.2974796 -0.000351034483 -0.000227541357
  19.3281593 -0.000281962915 -0.000283077738
  19.358839 -0.000206552315 -0.00032145853
  19.3895187 -0.000128567015 -0.000342859916
  19.4201984 -5.13105952E-05 -0.000348166941
  19.4508781  2.24610631E-05 -0.000338764279
  19.4815559  9.05703273E-05 -0.000316335965
  19.5122356  0.000151374508 -0.000282685156
  19.5429153  0.000203688804 -0.000239589877
  19.573595  0.00024667551 -0.000188717662
  19.6042747  0.000279734813 -0.000131578054
  19.6349545  0.000302376604 -6.95172494E-05
  19.6656342  0.00031412422 -3.74920774E-06
  19.6963139  0.000314423436  6.45662876E-05
  19.7269936  0.000302583998  0.00013422851
  19.7576733  0.000277753366  0.000203860225
  19.788353  0.000238910361  0.000271736179
  19.8190327  0.000184965684  0.000335589633
  19.8497124  0.000114927512  0.000392375659
  19.8803921  2.82236397E-05  0.000438013929
  19.9110718 -7.47673621E-05  0.00046713365
  19.9417515 -0.000191812083  0.000472945103
