  12793.5537 -0.000494729728  0.
  12805.0371 -0.000128672924  0.
  12815.0293  2.43135582E-05  0.
  12825.2021  0.00016257519  0.
  12834.9424  0.000341325765  0.
  12845.2344  0.000355445722  0.
  12855.1787  0.000318786071  0.
  12865.1396  0.000396755582  0.
  12875.3428  0.000357779791  0.
  12885.3887  8.03174771E-05  0.
  12895.3193  0.000183781842  0.
  12905.2842 -2.83336158E-05  0.
  12915.1943 -8.32837904E-05  0.
  12925.2959 -0.000531649624  0.
  12935.2559 -0.00044684051  0.
  12944.8887 -0.00069051591  0.
  12954.8096 -0.000641869381  0.
  12964.667 -0.00015854009  0.
  12974.707  0.000347691064  0.
  12984.5166  0.00141098246  0.
  12994.5889  0.00335531752  0.
  13004.624  0.00742915599  0.
  13005.4473  0.00787272304  0.
  13005.6953  0.00800824258  0.
  13006.0059  0.00818776432  0.
  13006.3691  0.0084657399  0.
  13006.7236  0.00867875386  0.
  13007.0869  0.008861918  0.
  13007.4229  0.00912530255  0.
  13007.7949  0.00951875094  0.
  13008.1318  0.00946996454  0.
  13008.4863  0.00977384858  0.
  13008.832  0.00979334023  0.
  13009.1777  0.0102448454  0.
  13009.5322  0.0104955574  0.
  13009.8779  0.010659257  0.
  13010.2412  0.0111084087  0.
  13010.5869  0.0114488956  0.
  13010.9414  0.0119452598  0.
  13011.2783  0.0119808652  0.
  13011.6328  0.0121904621  0.
  13011.9883  0.0124660684  0.
  13012.3428  0.0127683012  0.
  13012.6885  0.0133815408  0.
  13013.0518  0.0136274453  0.
  13013.3887  0.0140309343  0.
  13013.7441  0.0145237418  0.
  13014.0898  0.0147812059  0.
  13014.4268  0.0151408762  0.
  13014.7812  0.0156373214  0.
  13015.1279  0.0160681084  0.
  13015.4736  0.0164806936  0.
  13015.8369  0.0167532749  0.
  13016.1836  0.0174489189  0.
  13016.5381  0.0178779289  0.
  13016.8838  0.0183308776  0.
  13017.2217  0.0188704133  0.
  13017.5762  0.0194773879  0.
  13017.9316  0.0202852841  0.
  13018.2861  0.020876864  0.
  13018.6328  0.0213077515  0.
  13018.9873  0.0220777839  0.
  13019.3428  0.0228604265  0.
  13019.707  0.0235507619  0.
  13020.0439  0.0242611635  0.
  13020.3994  0.0251230486  0.
  13020.7451  0.0259343013  0.
  13021.0918  0.0265391283  0.
  13021.4385  0.027544966  0.
  13021.793  0.0285150446  0.
  13022.1309  0.0294584241  0.
  13022.4863  0.0304624531  0.
  13022.8408  0.0315338932  0.
  13023.1699  0.0326363258  0.
  13023.5254  0.0336098969  0.
  13023.8623  0.0347305275  0.
  13024.2363  0.0359172411  0.
  13024.5732  0.0375579447  0.
  13024.9375  0.0388288125  0.
  13025.293  0.0403462611  0.
  13025.6396  0.0419264361  0.
  13025.9863  0.0436741486  0.
  13026.3418  0.0454526357  0.
  13026.6797  0.0473588854  0.
  13027.0439  0.0492780656  0.
  13027.3906  0.0512956046  0.
  13027.7373  0.0533247255  0.
  13028.0928  0.0557578877  0.
  13028.4395  0.0580229685  0.
  13028.7949  0.0609335899  0.
  13029.1416  0.0635923892  0.
  13029.4795  0.0667884797  0.
  13029.835  0.0699590221  0.
  13030.1914  0.0736350641  0.
  13030.5469  0.0774003714  0.
  13030.8848  0.0816072375  0.
  13031.2402  0.0857671723  0.
  13031.5957  0.0902346671  0.
  13031.9248  0.0954847261  0.
  13032.2725  0.101283632  0.
  13032.6191  0.107963018  0.
  13032.9834  0.115312189  0.
  13033.3311  0.123184644  0.
  13033.6865  0.131848931  0.
  13034.0518  0.141313463  0.
  13034.3896  0.151435122  0.
  13034.7451  0.162424967  0.
  13035.0752  0.17441228  0.
  13035.4307  0.188049123  0.
  13035.7686  0.202833578  0.
  13036.1338  0.2196244  0.
  13036.4814  0.237344712  0.
  13036.8281  0.256879032  0.
  13037.1934  0.278297246  0.
  13037.5488  0.300596744  0.
  13037.8789  0.323356628  0.
  13038.2441  0.34989655  0.
  13038.582  0.376112193  0.
  13038.9473  0.404213488  0.
  13039.3125  0.432006955  0.
  13039.6416  0.457890213  0.
  13039.998  0.48483479  0.
  13040.3545  0.510579824  0.
  13040.6836  0.53446424  0.
  13041.04  0.558301568  0.
  13041.3789  0.580552518  0.
  13041.7441  0.603935182  0.
  13042.082  0.626133561  0.
  13042.4385  0.649906039  0.
  13042.8037  0.674846351  0.
  13043.1602  0.699964404  0.
  13043.4814  0.725588679  0.
  13043.8555  0.754618466  0.
  13044.1943  0.782895923  0.
  13044.5508  0.811396122  0.
  13044.8984  0.838136613  0.
  13045.2373  0.863224208  0.
  13045.6113  0.886876702  0.
  13045.9502  0.905518651  0.
  13046.2979  0.921697557  0.
  13046.6631  0.934137702  0.
  13046.9932  0.942870259  0.
  13047.3584  0.949304402  0.
  13047.7061  0.952532113  0.
  13048.0547  0.954287589  0.
  13048.4111  0.95440203  0.
  13048.7588  0.953526974  0.
  13049.0977  0.952155292  0.
  13049.4277  0.95052129  0.
  13049.8027  0.948903978  0.
  13050.1416  0.947309673  0.
  13050.4805  0.946081698  0.
  13050.8369  0.945469022  0.
  13051.1943  0.944669545  0.
  13051.5508  0.944609344  0.
  13051.8994  0.944716871  0.
  13052.2471  0.945186734  0.
  13052.5947  0.946058273  0.
  13052.9521  0.947273552  0.
  13053.291  0.948911846  0.
  13053.6484  0.951641142  0.
  13053.9873  0.954421818  0.
  13054.3535  0.957926512  0.
  13054.6924  0.961473763  0.
  13055.0049  0.964535475  0.
  13055.3711  0.96791631  0.
  13056.0137  0.974411428  0.
  13056.6748  0.979588866  0.
  13057.3623  0.982399821  0.
  13058.0586  0.982882142  0.
  13058.7471  0.980611205  0.
  13059.4795  0.97644031  0.
  13060.2295  0.969965458  0.
  13061.0342  0.963472843  0.
  13061.8027  0.958065629  0.
  13062.5977  0.953428805  0.
  13063.4287  0.950034618  0.
  13064.2871  0.948557973  0.
  13065.1631  0.948116004  0.
  13066.0576  0.94922632  0.
  13066.9521  0.951276958  0.
  13067.8643  0.954914391  0.
  13068.7861  0.959157407  0.
  13069.7705  0.965065002  0.
  13070.7451  0.970784366  0.
  13071.748  0.97638011  0.
  13072.7686  0.981613159  0.
  13073.8252  0.985848129  0.
  13074.873  0.989385426  0.
  13075.9473  0.992502689  0.
  13077.0225  0.995185733  0.
  13078.1338  0.997625351  0.
  13079.2715  1.0003444  0.
  13080.4004  1.00295317  0.
  13081.5928  1.00437164  0.
  13082.7939  1.00444841  0.
  13084.0225  1.00284886  0.
  13085.252  1.00024092  0.
  13086.4629  0.996774673  0.
  13087.7373  0.993008375  0.
  13089.0381  0.989924908  0.
  13090.3398  0.987583518  0.
  13091.6689  0.985673666  0.
  13092.998  0.98507899  0.
  13094.3809  0.985536993  0.
  13095.7373  0.987118661  0.
  13097.1748  0.989169776  0.
  13098.5957  0.991101742  0.
  13100.0518  0.992468834  0.
  13101.5088  0.992295027  0.
  13102.9922  0.990802348  0.
  13104.459  0.988313913  0.
  13106.0068  0.985361278  0.
  13107.5371  0.982291162  0.
  13109.1211  0.980493963  0.
  13110.6699  0.980112135  0.
  13112.2646  0.980784953  0.
  13113.7959  0.982299089  0.
  13115.4365  0.983938813  0.
  13117.0771  0.985708952  0.
  13118.79  0.986568153  0.
  13120.4941  0.98578012  0.
  13122.1719  0.983598232  0.
  13123.8779  0.981117606  0.
  13125.6289  0.978789926  0.
  13127.3896  0.976710379  0.
  13129.1953  0.975156307  0.
  13130.9668  0.973839462  0.
  13132.7461  0.972369492  0.
  13134.6172  0.97169441  0.
  13136.498  0.971753895  0.
  13138.3789  0.973227143  0.
  13140.2246  0.97531116  0.
  13142.1709  0.978051841  0.
  13144.126  0.981398046  0.
  13146.1357  0.984490752  0.
  13148.1104  0.987130642  0.
  13150.041  0.989483893  0.
  13152.0439  0.991669834  0.
  13154.0469  0.993347645  0.
  13156.1514  0.99421227  0.
  13158.2197  0.993659675  0.
  13160.3252  0.989296198  0.
  13162.4316  0.983535051  0.
  13164.5205  0.977002919  0.
  13166.6182  0.970966578  0.
  13168.7451  0.964960754  0.
  13170.999  0.960545301  0.
  13173.209  0.957516074  0.
  13175.4014  0.955674171  0.
  13177.6396  0.954696  0.
  13179.8887  0.954333484  0.
  13182.1738  0.954426348  0.
  13184.5156  0.95508641  0.
  13186.7842  0.956185102  0.
  13189.1455  0.957989335  0.
  13191.5342  0.95964992  0.
  13193.916  0.962234735  0.
  13196.2246  0.965093195  0.
  13198.5986  0.968960464  0.
  13201.0918  0.973858595  0.
  13203.6133  0.978695393  0.
  13206.0352  0.982572079  0.
  13208.5039  0.984896421  0.
  13211.0381  0.984574139  0.
  13213.5273  0.982066691  0.
  13216.0449  0.9772017  0.
  13218.5996  0.97175914  0.
  13221.1279  0.966624737  0.
  13223.6211  0.961933255  0.
  13226.2891  0.957347572  0.
  13229.1602  0.952469587  0.
  13231.8584  0.948365092  0.
  13234.4111  0.945346773  0.
  13237.0742  0.942655921  0.
  13239.7852  0.941171169  0.
  13242.4316  0.940533042  0.
  13245.1631  0.940589666  0.
  13248.0518  0.941298604  0.
  13250.8223  0.94228065  0.
  13253.585  0.943935513  0.
  13256.6709  0.946611822  0.
  13259.1777  0.949451029  0.
  13262.2207  0.954083204  0.
  13264.7754  0.958743811  0.
  13268.042  0.964300931  0.
  13270.6455  0.968176425  0.
  13273.8975  0.969953001  0.
  13276.6787  0.969541788  0.
  13279.6836  0.967049539  0.
  13282.7354  0.963212252  0.
  13285.8086  0.958164275  0.
  13288.7432  0.952953279  0.
  13291.79  0.948390603  0.
  13294.9414  0.945177197  0.
  13298.0381  0.942361236  0.
  13301.1084  0.93910867  0.
  13304.2266  0.934995353  0.
  13307.2715  0.93085146  0.
  13310.4766  0.928167641  0.
  13313.7852  0.926973164  0.
  13316.9473  0.92673403  0.
  13320.2314  0.927224934  0.
  13323.498  0.927732408  0.
  13326.7109  0.928583264  0.
  13330.0371  0.930296242  0.
  13333.3193  0.932845294  0.
  13336.6016  0.935501814  0.
  13340.1201  0.938860178  0.
  13343.3789  0.941924751  0.
  13346.6953  0.943825901  0.
  13350.1621  0.944526017  0.
  13353.5293  0.943614423  0.
  13357.0283  0.94157058  0.
  13360.5762  0.93843013  0.
  13364.0137  0.934677422  0.
  13367.5469  0.931303322  0.
  13370.9785  0.928721607  0.
  13374.5625  0.92544806  0.
  13378.1855  0.921900272  0.
  13381.6514  0.917873979  0.
  13385.2217  0.913974226  0.
  13388.9551  0.910467386  0.
  13392.5107  0.908061385  0.
  13396.2197  0.907240331  0.
  13399.7793  0.907549739  0.
  13403.4824  0.908035278  0.
  13407.2734  0.908541799  0.
  13410.9238  0.909112453  0.
  13414.625  0.909627557  0.
  13418.4971  0.91056186  0.
  13422.2959  0.912939072  0.
  13426.1543  0.915567875  0.
  13429.8252  0.918245375  0.
  13433.7256  0.920361042  0.
  13437.6289  0.921876907  0.
  13441.458  0.922569573  0.
  13445.3467  0.923421681  0.
  13449.1514  0.92499125  0.
  13453.2441  0.927515328  0.
