e amp
13243.9121 0.00241970510855
13253.7227 0.00175465646755
13263.7793 -0.000697256132502
13273.6289 0.00369925058467
13283.5869 0.00191643922529
13293.8662 0.000997574254124
13303.7344 0.00281020715538
13313.6084 0.00144439679706
13323.8057 0.000310507958452
13333.8691 -0.00089372448097
13343.8086 0.000910833566829
13353.9219 0.00113213488058
13364.0322 -0.000511570446161
13374.1582 0.000284285188573
13384.0186 -0.000294513378632
13394.167 -0.000929392922005
13404.124 0.000403931444926
13414.001 0.000374892562094
13424.2158 0.00151947436331
13434.3037 0.00501552905568
13444.1797 0.00814995987675
13444.4736 0.00830687155157
13444.6826 0.00829211174109
13445.0332 0.0085457238015
13445.375 0.00858381802387
13445.7256 0.00890887009789
13446.0771 0.00898070227266
13446.4277 0.0090700525122
13446.7695 0.00935691551146
13447.1299 0.00946625322661
13447.4902 0.00958839062431
13447.8418 0.00977588978369
13448.1836 0.0100444350795
13448.5439 0.0102862351527
13448.8672 0.01064246166
13449.2275 0.010829120834
13449.5791 0.0111081712325
13449.9297 0.0111963902387
13450.291 0.0115471125768
13450.6426 0.0117824344608
13450.9932 0.0121691209563
13451.3643 0.0124579393355
13451.6865 0.0126914774023
13452.0381 0.0127299130588
13452.3984 0.0129808075858
13452.75 0.0134389420613
13453.1016 0.0139214834439
13453.4629 0.0142814868226
13453.8145 0.0146771711804
13454.1465 0.0150211258504
13454.5078 0.0154317108697
13454.8496 0.0157706234093
13455.1914 0.0162120291752
13455.5527 0.0167262195253
13455.8945 0.0174374931425
13456.2461 0.0178026596963
13456.6074 0.0184132378385
13456.959 0.0190343431555
13457.3105 0.0194881372416
13457.6621 0.0201593156545
13458.0049 0.020856078942
13458.3564 0.0215127873215
13458.6895 0.0221550153939
13459.0498 0.0230512899591
13459.4023 0.0238941559699
13459.7637 0.0247673716187
13460.1152 0.0257832128653
13460.4482 0.0266777715679
13460.8096 0.0277273922254
13461.1611 0.0288968607768
13461.5225 0.030179560019
13461.8457 0.0314954443494
13462.207 0.0329377430688
13462.5596 0.0342912107312
13462.9209 0.0358438773389
13463.2725 0.0377443972335
13463.5957 0.0393944316953
13463.9668 0.0412885007256
13464.2998 0.0437258781079
13464.6621 0.0462001506456
13464.9951 0.0486598816191
13465.3662 0.0516637258637
13465.6992 0.0548231544481
13466.0605 0.0584720177464
13466.4131 0.0625282860872
13466.7549 0.0665144381361
13467.1074 0.0713384751265
13467.46 0.0768841827387
13467.8027 0.0831762665154
13468.1543 0.0907023915885
13468.4873 0.0989342336877
13468.8594 0.109384311898
13469.1924 0.120927357055
13469.5537 0.135504221573
13469.916 0.152563803026
13470.249 0.173264761319
13470.6113 0.200804711729
13470.9541 0.234369877854
13471.3164 0.278574026028
13471.6494 0.333196193416
13472.0205 0.406560428595
13472.373 0.487908072211
13472.707 0.576032073487
13473.0684 0.670536008173
13473.4121 0.75799868847
13473.7734 0.839979620311
13474.0977 0.90756727167
13474.4502 0.97108277508
13474.8027 1.0225848377
13475.1367 1.06434398221
13475.5078 1.10174680668
13475.8516 1.13368218896
13476.1943 1.16381744996
13476.5469 1.19112447178
13476.8906 1.21124219777
13477.2432 1.22068753631
13477.5859 1.21553154183
13477.9395 1.19518357008
13478.292 1.16074675164
13478.6543 1.11578050735
13478.9971 1.0683345465
13479.3506 1.01791567331
13479.7129 0.970924783292
13480.0371 0.93092765468
13480.418 0.895310922849
13480.7422 0.870526182265
13481.1055 0.853213734574
13481.458 0.84489841783
13481.8203 0.843507022002
13482.1641 0.84772576686
13482.5166 0.855525018241
13482.8604 0.865574935685
13483.2139 0.876977984061
13483.5566 0.889067200599
13483.9102 0.901463845235
13484.2637 0.914974059221
13484.5977 0.928990736729
13484.96 0.945602349626
13485.3135 0.963480678506
13485.6572 0.982285469544
13486.0098 1.00215087552
13486.3535 1.02210915282
13486.707 1.04139243666
13487.0508 1.05904071959
13487.3945 1.07498863911
13487.748 1.08867486656
13488.1104 1.09963583907
13488.4541 1.10746342353
13488.8174 1.11296090244
13489.1514 1.11606326388
13489.5049 1.117951194
13489.8584 1.11858385414
13490.2119 1.11836547396
13490.5654 1.11760856756
13490.8994 1.11648513733
13491.2812 1.11497929867
13491.5967 1.11344721253
13491.9785 1.11173474941
13492.3232 1.10979935465
13492.667 1.10763122026
13493.0107 1.10533998214
13493.3555 1.10239864105
13493.6895 1.0989243234
13494.0049 1.09539150079
13494.3682 1.09070836269
13495.0088 1.08113958782
13495.6973 1.07067099185
13496.3564 1.06022984959
13497.0352 1.05005592371
13497.7432 1.04031762762
13498.4893 1.03216103889
13499.2539 1.02539150244
13500.0 1.01982937645
13500.8135 1.01495422435
13501.6074 1.01066405131
13502.4209 1.00630104253
13503.2822 1.00201866635
13504.1533 0.997978326198
13505.0635 0.995275749876
13505.9346 0.99470878638
13506.8535 0.996891128586
13507.8018 1.00148988137
13508.8076 1.00766266532
13509.7939 1.01449478916
13510.8193 1.02130686508
13511.8164 1.02720503318
13512.8418 1.03217690361
13513.9053 1.0363467154
13514.9893 1.04025930515
13516.0723 1.04229086433
13517.1758 1.04240064047
13518.3076 1.0407275557
13519.4492 1.03721689118
13520.6299 1.03228511972
13521.8008 1.02606109431
13522.9814 1.01876968397
13524.2295 1.01124816041
13525.4492 1.00528092681
13526.707 1.00022856392
13528.0137 0.996664386524
13529.3398 0.993057790176
13530.7139 0.990545626936
13532.002 0.988140990041
13533.3574 0.98718561249
13534.752 0.987866707551
13536.127 0.989579406534
13537.6084 0.991273266823
13539.0615 0.991885001647
13540.5059 0.991162590351
13541.9209 0.990141183787
13543.4131 0.989308395608
13544.9346 0.98942345169
13546.4756 0.990387378972
13548.0566 0.991575213512
13549.6465 0.992978928546
13551.1895 0.993472299198
13552.79 0.993295795034
13554.4199 0.992595421687
13556.0596 0.990820944977
13557.748 0.988600401407
13559.4375 0.98630491033
13561.0977 0.984953859513
13562.8174 0.984200288717
13564.5752 0.983418921544
13566.3242 0.982543917963
13568.1602 0.981803504105
13569.9492 0.981048415999
13571.7285 0.979845608663
13573.5469 0.978790043568
13575.4238 0.977841046634
13577.3398 0.976862879118
13579.2471 0.976349005322
13581.0967 0.976713468915
13583.0146 0.977226424739
13584.875 0.978154256952
13586.8623 0.979020760889
13588.9463 0.979846753217
13590.9053 0.979709115378
13592.9814 0.979869266915
13595.0098 0.980003647716
13597.1064 0.979893384733
13599.2432 0.979174347183
13601.3311 0.978228497154
13603.4297 0.977242651505
13605.5586 0.977104658463
13607.7852 0.977892926409
13609.8955 0.97940655365
13612.1631 0.980901391858
13614.3818 0.982181371982
13616.6895 0.982501964948
13618.8906 0.981649756467
13621.1211 0.980134304609
13623.373 0.978020241156
13625.7412 0.974804385565
13628.1504 0.972794801949
13630.4336 0.970924131744
13632.7949 0.970284424993
13635.2168 0.970400375443
13637.6484 0.971050144893
13640.0029 0.971560394418
13642.4561 0.972097456972
13644.8906 0.97284161921
13647.4238 0.972825764992
13649.959 0.971371598978
13652.543 0.968769765445
13655.0791 0.965532253235
13657.626 0.962577241081
13660.1738 0.960548260183
13662.7715 0.957866061558
13665.4102 0.959697962351
13668.0195 0.961729419269
13670.6699 0.964377794372
13673.3408 0.968743451597
13676.1211 0.968681806106
13678.7939 0.968773872936
13681.5176 0.967825520786
13684.2715 0.966875930116
13687.0557 0.965840323412
13689.832 0.96410281445
13692.6973 0.961841364873
13695.5742 0.960803276408
13698.3047 0.960595747662
13701.0752 0.960738052739
13704.0342 0.960548075522
13707.084 0.959637484551
13709.9473 0.958531175605
13712.8809 0.95736113207
13715.8848 0.955830971865
13718.7715 0.953716996782
13721.8086 0.951321503019
13724.9746 0.950017077093
13727.9844 0.950192516719
13730.8662 0.951318832802
13734.0967 0.952925189325
13736.9717 0.955838175407
13740.4629 0.958517512617
13743.2119 0.96049961589
13746.6367 0.961387601954
13749.5068 0.960565209784
13753.0742 0.957796905678
13756.0264 0.954614256756
13759.5283 0.951534210992
13762.3936 0.949587062949
13766.0576 0.948130111731
13768.9766 0.947983491996
13772.584 0.947922658763
13775.835 0.94825346773
13779.0869 0.948018537239
13782.4307 0.947616263743
13785.8252 0.946980945768
13789.082 0.945211839741
13792.5713 0.943037250785
13796.1211 0.94099487958
13799.5137 0.939815375241
13803.0273 0.939593757635
13806.5635 0.940012211004
13809.9902 0.94107556523
13813.5303 0.942658514866
13817.1221 0.944008206795
13820.6846 0.944782098192
13824.2305 0.944727025983
13827.8574 0.943123776603
13831.457 0.941724751453
13835.0576 0.939849511154
13838.6309 0.938044601994
13842.3164 0.936428157456
13846.2256 0.935541338369
13849.9561 0.935098810278
13853.5869 0.93482386916
13857.4219 0.934838777203
13861.1582 0.934597355383
13865.0684 0.933772923439
13868.8496 0.932882336586
13872.6533 0.932017634642
13876.5293 0.930783921236
13880.2861 0.929772031038
13884.2588 0.928652989524
13888.2324 0.928146001433
13892.0977 0.928295321007
13896.1074 0.929010967671
13899.9668 0.929641125974
13904.001 0.929925373401
13908.0889 0.929647312469
13912.0566 0.928812573523
13916.0674 0.92767009942
13920.1016 0.926069705196
13924.209 0.924340735929
13928.4111 0.922819668686
13932.5039 0.921607557449
13936.7822 0.920774575487
13940.7158 0.920352151323
13944.8359 0.919568659704
13949.0918 0.919289808132
13953.4014 0.918530370937
13957.7744 0.917982428157
13961.8848 0.91728674996
13965.9873 0.916142504772
13970.4814 0.915037141892
13974.8047 0.914065250976
13979.0996 0.91363185095
13983.377 0.913416005682
13987.8213 0.913515899317
13992.1768 0.913641024781
13996.5137 0.913757784227
14001.1318 0.91362189892
14005.5049 0.913189892188
14009.9854 0.912723764234
14014.5293 0.911727491826
14019.0771 0.910351748978
14023.4209 0.908983491095
14028.1094 0.907337123383
14032.7178 0.906260757546
14037.1113 0.905236866275
14041.8613 0.904470454005
14046.5518 0.903664439113
14051.1514 0.902749944061
14055.6514 0.901778055736
14060.3721 0.900937337012
14065.0859 0.899917523747
14069.9277 0.898970813452
14074.7832 0.898303791099
14079.3184 0.897847223743
14084.1709 0.897386543223
14088.8906 0.897456427939
14093.8428 0.89748326607
14098.5488 0.897438067313
14103.4453 0.897438486107
14108.1572 0.896849244143
14113.1133 0.896323280646
14118.0312 0.895031513749
14122.9629 0.892980877588
14127.8984 0.891837720786
14133.0273 0.891041770277
14138.0225 0.890086382657
14142.916 0.889036011274
14147.9922 0.888314026838
14152.8818 0.8877294393
14158.0293 0.887155410601
14163.1797 0.886555394482
14168.25 0.885864780639
14173.292 0.885165210502
14178.4639 0.884307422191
